# X1 X2 y
0.0607 0.4771 0
1.5556 -0.7420 0
0.0162 0.0450 0
-0.1661 0.4196 0
0.4134 0.1137 0
-0.9510 0.4191 0
0.1683 -0.1635 0
-0.3715 0.4928 0
1.0778 -0.3409 0
1.4139 -1.5082 0
0.3461 -0.1371 0
-0.4096 0.7993 0
-0.6795 0.2444 0
-0.7934 0.5361 0
-1.9221 1.8755 0
1.1016 -0.1159 0
1.0476 -1.0516 0
-1.5387 1.4114 0
-0.0251 0.3569 0
0.6587 -1.0427 0
0.3285 -0.8621 0
-0.0425 0.1121 0
0.3650 -0.5003 0
-0.0631 -0.8601 0
0.3790 -0.6322 0
0.0481 -0.0951 0
-1.2819 0.7499 0
-2.1420 2.0857 0
1.3345 -1.7665 0
-0.2619 0.4176 0
1.5726 -1.1062 0
-0.1908 -0.1816 0
-0.1982 0.5336 0
-0.3826 -0.2757 0
0.4768 0.2780 0
0.2430 0.3676 0
1.0722 -0.9403 0
0.5308 -0.6914 0
-0.3338 0.2958 0
-0.1793 -0.0849 0
-0.8185 1.0419 0
0.6025 -0.1285 0
0.7956 -0.8639 0
-0.0494 0.3675 0
-0.1619 0.5339 0
-1.5560 1.6476 0
1.5210 -0.9006 0
-0.8596 1.4298 0
-0.3308 0.1930 0
-1.2069 0.9183 0
0.1586 0.0530 0
0.2558 -0.9690 0
-0.7569 0.6301 0
0.2646 -0.8118 0
-2.0631 2.0677 0
0.6484 -0.8144 0
0.4011 -0.4099 0
0.7998 -0.7509 0
-1.5011 1.6048 0
0.8788 -0.4674 0
-0.0015 0.3693 0
-0.7447 0.9503 0
-0.7345 0.7509 0
0.3327 0.1166 0
-0.3152 0.3729 0
-2.0771 1.8289 0
-0.8252 0.9751 0
-1.1840 1.6851 0
1.2935 -0.7343 0
-0.4766 0.4508 0
-0.6692 -0.5270 0
0.8015 -0.6616 0
-0.6620 0.3410 0
-1.3349 0.5012 0
-0.6947 0.7167 0
-0.1182 0.2536 0
-1.1311 1.5956 0
-0.0344 0.3232 0
-0.3935 0.5631 0
-0.0428 -0.0836 0
1.3505 -0.1763 0
0.2244 -0.4716 0
1.9320 -1.9728 0
-1.0338 0.8344 0
0.9883 -1.1933 0
0.5569 -0.0382 0
-0.4004 0.7414 0
0.2895 -0.4347 0
-0.0221 0.1241 0
-0.7346 1.1354 0
2.0132 -1.7149 0
0.3156 -0.5776 0
1.4928 -0.5401 0
0.3848 0.4925 0
0.1800 -0.3007 0
-0.2279 -0.1681 0
0.1671 -0.5305 0
0.0039 -0.0497 0
1.3323 -1.4151 0
0.0952 -0.9200 0
-0.3195 0.4775 0
0.2531 -1.0251 0
-1.1961 1.0572 0
0.7420 -1.4163 0
-1.5246 1.4344 0
-0.4243 0.3837 0
1.7894 -1.2383 0
-0.9885 1.0516 0
1.0157 -1.0628 0
0.0813 -0.1784 0
0.1314 -0.2375 0
-0.2021 0.1579 0
0.4759 -0.2006 0
-1.0406 1.1815 0
-0.4072 0.4975 0
-1.4325 0.7158 0
-1.5453 1.0962 0
0.3186 -0.0073 0
1.9716 -1.6450 0
1.2845 -0.8077 0
-1.5233 1.4962 0
-0.2040 -0.2812 0
0.6174 -0.6406 0
0.4602 -0.4068 0
0.4762 -0.5178 0
-0.0100 -0.1741 0
1.0391 -0.5967 0
-0.7874 1.0250 0
-0.3814 -0.0597 0
-0.0308 0.0592 0
1.0183 -1.3295 0
1.2612 -0.7361 0
0.0209 0.0669 0
-0.5221 1.5784 0
1.3899 -1.5236 0
-0.3738 0.6165 0
-1.0274 1.6360 0
1.1233 -0.2550 0
-0.0108 0.9140 0
0.1711 -0.5810 0
-1.4274 1.2482 0
1.5287 -0.7641 0
0.8704 -0.7831 0
0.4739 -0.1896 0
2.9402 -2.8538 0
-1.0561 0.7411 0
1.5676 -1.3257 0
0.3504 -0.9015 0
0.9910 -1.1754 0
-0.1977 -0.5704 0
0.3956 -0.2253 0
-1.3890 1.1636 0
-0.3922 -0.2861 0
1.6543 -1.3438 0
0.6134 -0.8311 0
0.7832 -1.3494 0
1.8546 -1.9236 0
0.2846 0.3568 0
0.5626 -0.7613 0
-0.5820 1.0981 0
2.1331 -1.9239 0
-0.6292 0.8953 0
0.9412 0.1069 0
-1.6549 1.8715 0
-0.3450 0.6628 0
1.6468 -0.7756 0
-1.6320 1.0325 0
-0.7164 0.3203 0
-2.2498 2.9513 0
-1.2392 0.6018 0
-0.4621 -0.2815 0
-0.0312 -0.1627 0
-0.5081 0.0964 0
0.1555 0.2683 0
0.7227 -0.1802 0
0.2901 -0.1576 0
-1.1972 1.0186 0
0.1716 -0.6433 0
0.6442 0.0555 0
-0.0559 0.7053 0
-0.5479 0.2415 0
-0.7222 0.8343 0
0.3378 -0.5007 0
0.0224 0.0176 0
-1.3094 1.0867 0
1.6661 -1.3317 0
0.2177 0.0115 0
-1.6229 1.8029 0
0.3010 0.4841 0
-0.6541 0.5774 0
-0.0627 0.0368 0
-0.3503 0.2038 0
-0.2780 0.3228 0
0.1914 0.0399 0
0.3798 -0.5713 0
0.2813 0.2827 0
2.2888 -2.2599 0
0.5886 -0.5698 0
-1.4907 1.6638 0
0.2630 -0.1274 0
-1.3541 -1.0016 1
-0.8806 -0.2662 1
2.6200 2.3156 1
-0.5699 -0.5160 1
-0.4469 -0.4742 1
0.7453 0.9140 1
1.3123 0.9473 1
0.5349 1.1147 1
-0.6489 -0.4618 1
-0.0107 0.4592 1
0.0142 -0.9646 1
-0.1514 0.0330 1
-1.5905 -1.1212 1
-0.0527 0.5510 1
-1.4146 -0.7720 1
1.0979 0.9657 1
0.8132 0.0362 1
1.3290 0.4953 1
-2.3066 -2.0722 1
1.0804 0.4788 1
-0.1344 -0.6880 1
0.5619 0.2511 1
0.3968 -0.2309 1
-0.0300 -1.1476 1
1.2142 2.3254 1
0.0418 0.4511 1
-1.1832 -0.6291 1
2.9956 2.6820 1
1.8415 1.7178 1
1.0222 1.0708 1
-0.1192 0.4614 1
-0.3519 -0.5686 1
-0.2159 -1.0084 1
0.0129 -0.4971 1
1.6958 1.1181 1
-0.6222 -1.0359 1
0.8982 0.3326 1
0.7685 0.3817 1
0.3688 0.1501 1
-1.0703 -0.5813 1
0.9581 0.7134 1
-1.0502 0.0396 1
-0.4733 -0.2447 1
-0.8279 0.0497 1
-1.2410 -1.3248 1
-0.8247 -1.4018 1
0.6249 1.2567 1
-1.1009 -0.5504 1
-1.6291 -2.6520 1
0.8076 0.6714 1
-0.2636 -0.3947 1
-0.8504 -1.0570 1
-2.1017 -1.4008 1
-0.8122 -0.8921 1
-1.7307 -1.9159 1
-1.1287 -1.1325 1
-0.1595 0.3427 1
-1.8734 -0.8909 1
2.2796 2.1420 1
0.0382 0.6398 1
-1.1040 -1.3111 1
0.0664 -0.5270 1
-0.7885 -1.3283 1
1.3094 0.7982 1
-0.8998 -0.8655 1
0.1575 0.7534 1
-2.1672 -1.9911 1
-0.7368 -0.9826 1
-1.6361 -1.9266 1
-0.4491 -0.4149 1
0.2345 0.0138 1
-1.2310 -0.8169 1
0.5831 0.7813 1
1.4359 1.4088 1
0.9377 -0.1742 1
0.8746 0.6090 1
-0.8403 -1.0438 1
0.0159 -0.1580 1
-0.6304 -1.0515 1
0.7467 0.4351 1
-0.4701 -0.1025 1
-0.2608 -0.3209 1
-0.2963 -0.3725 1
-0.0688 0.2080 1
0.2495 0.2951 1
0.6718 0.1495 1
-0.3827 0.1300 1
0.4095 0.0817 1
-1.1020 -1.5792 1
0.0627 0.1450 1
-0.2543 0.0511 1
-1.0402 -1.0088 1
1.0563 1.1359 1
0.3207 0.1859 1
0.6141 0.8223 1
-0.4456 0.3651 1
-0.4470 -0.8732 1
1.3729 1.1714 1
-0.0145 -0.2905 1
-0.0603 0.4676 1
-2.0414 -1.5658 1
0.0641 -0.1585 1
-0.4798 -0.3953 1
-0.0214 -0.7269 1
-0.4901 -0.1197 1
-0.4131 0.0679 1
-0.4310 -0.2453 1
0.2912 0.5797 1
-0.9349 -0.9608 1
-0.2090 -0.9063 1
1.1061 0.8215 1
-2.4571 -1.8702 1
0.2928 0.5860 1
0.5701 0.1249 1
0.5084 -0.5625 1
0.7785 0.4685 1
0.3249 0.4467 1
-1.2833 -0.8442 1
-0.9368 -0.3888 1
-2.1695 -1.8534 1
-1.2367 -1.0134 1
0.0285 -0.2339 1
-1.6947 -1.7203 1
0.4578 0.3567 1
1.0350 1.4922 1
-0.6075 -1.3456 1
0.3027 0.7760 1
-0.7732 -1.4277 1
-2.0829 -1.7395 1
0.1077 0.6065 1
-0.0514 -0.0934 1
0.6651 0.1646 1
-1.3815 -1.2031 1
-0.4056 -0.2984 1
0.3837 0.4145 1
-0.7052 -0.6426 1
-2.4695 -2.3484 1
0.3747 -0.0752 1
-1.6720 -2.2794 1
-1.3178 -0.6672 1
-0.0501 -1.0119 1
-0.9584 -0.2835 1
0.1111 -0.4430 1
1.3618 1.8741 1
-0.9698 -0.1044 1
0.8499 1.0723 1
1.9104 1.2199 1
-0.5424 -0.8681 1
1.4737 1.1044 1
-0.1478 -0.9635 1
-0.1432 -0.2058 1
1.2898 0.7295 1
1.3555 0.7896 1
-2.2862 -1.7060 1
0.9147 0.4940 1
-0.7835 -0.8552 1
-0.9486 -1.0422 1
0.7087 0.3674 1
1.0798 0.0733 1
-0.2730 -0.3727 1
0.1671 0.3496 1
-0.4412 0.0635 1
1.2213 0.9959 1
-0.7083 -1.0438 1
1.2640 1.7029 1
2.1724 1.9853 1
0.6768 0.5566 1
-0.1411 -0.0567 1
1.0615 0.5976 1
-0.4264 0.5211 1
-0.1000 -0.0650 1
-0.4414 -0.4619 1
-0.5421 -0.7484 1
0.0066 0.3238 1
-0.1606 -0.3918 1
1.5710 1.2038 1
1.1092 1.4113 1
1.6588 1.6948 1
-0.2580 -0.1026 1
0.2373 -0.1866 1
1.4517 1.4395 1
-0.5366 -1.1101 1
-1.2880 -2.1200 1
-1.5511 -1.7433 1
0.1119 -0.0028 1
0.0082 -0.0815 1
-1.1497 -1.0635 1
-0.1475 -0.0090 1
-0.2772 0.0461 1
0.1043 -0.0975 1
0.4416 0.6619 1
0.8596 0.8485 1
-1.4772 -0.3997 1
0.1929 -0.3239 1
1.0612 0.8623 1
-1.7990 -1.1392 1
-0.2680 -0.3794 1
-0.1394 -0.0137 1
-1.3605 -0.4238 1
-1.2716 -2.0171 1
