# X1 X2 y
-1.9137 0.3297 0
1.8963 -0.4181 0
-0.4452 1.3040 0
3.1964 0.5152 0
0.1216 -1.0051 0
0.8937 -1.7299 0
-0.0032 0.2440 0
-1.5332 -0.6944 0
0.3484 0.1731 0
-0.5494 1.8799 0
-1.2867 0.5802 0
-0.0661 0.0901 0
2.3801 -1.1815 0
0.1251 -0.8833 0
0.8308 -1.0165 0
-0.4310 -0.7491 0
0.4342 0.6092 0
1.8377 -0.9102 0
-0.9135 0.3981 0
1.8052 -1.2175 0
0.1919 0.6405 0
0.9510 1.0098 0
0.3855 0.7151 0
-0.7306 1.7020 0
1.0329 0.2333 0
-3.3548 -1.8243 0
-1.7844 0.5677 0
1.2864 -0.2437 0
-0.3271 1.1132 0
0.3007 1.1675 0
1.7209 1.6923 0
2.6896 -0.4414 0
1.5729 -0.1120 0
-0.1180 0.5203 0
-0.4803 1.6339 0
-0.0689 -1.4352 0
-0.3391 1.8553 0
-1.9454 -0.8658 0
0.9671 -0.1907 0
-0.3252 0.3967 0
2.6591 0.7206 0
0.4391 -0.5768 0
-1.1750 0.0867 0
-1.5168 -1.0082 0
1.2839 0.5210 0
-0.0211 -0.6154 0
-0.2485 0.9715 0
-0.4973 -0.2213 0
0.7363 0.3287 0
1.8628 -0.1399 0
1.1453 -0.4075 0
1.2453 2.0937 0
0.7001 -1.4866 0
-0.3721 0.6881 0
0.4335 -0.3225 0
-1.0030 1.4605 0
-2.1812 -1.5838 0
-0.8343 0.7546 0
-2.1857 0.9904 0
0.1621 0.3819 0
-0.9359 -0.5281 0
1.0081 2.0974 0
0.3406 0.3474 0
1.1054 -1.3612 0
-0.8259 -1.7681 0
-1.6312 -0.0575 0
-1.5811 0.0358 0
1.5115 -1.0768 0
-1.1156 -1.5690 0
-1.0296 -0.0394 0
-0.0941 0.4189 0
-0.2490 0.2893 0
-0.0382 0.1780 0
-0.6888 0.5496 0
-0.7684 -1.6601 0
0.6780 -1.0862 0
-0.4394 1.0102 0
-0.1633 1.7236 0
-0.4969 0.5485 0
0.0657 0.9501 0
0.3612 0.6100 0
1.6212 -1.4993 0
-0.2606 0.7503 0
-0.8292 0.0020 0
0.7760 -0.3674 0
0.7532 -1.2593 0
0.3718 1.8501 0
-0.1467 0.8420 0
1.9127 -1.1493 0
-0.1703 -0.0720 0
-0.6513 -0.3681 0
1.5725 0.1093 0
-1.0874 1.5849 0
-1.0166 -0.8352 0
-0.6143 0.5392 0
-1.1269 -0.9440 0
0.3991 -1.6711 0
-1.1320 0.4507 0
-1.7381 0.3140 0
0.4534 0.1914 0
1.6642 -1.1776 0
-1.3268 1.0353 0
-0.2308 0.4326 0
0.9059 -0.3037 0
-2.3434 -1.2075 0
1.9558 1.8580 0
-0.9590 -2.3624 0
-1.1808 1.6739 0
1.4059 -1.8321 0
-0.9007 3.0944 0
-1.5528 0.7429 0
-1.5133 1.3182 0
-0.5234 -0.7099 0
0.5631 -0.1081 0
2.0589 -0.1701 0
0.4435 -2.0260 0
0.4723 -2.3693 0
-0.8210 -0.6572 0
2.0207 -0.1298 0
0.0207 2.4297 0
-0.0409 1.3472 0
0.5790 1.6875 0
-0.1271 -0.0999 0
-0.5609 0.2644 0
-0.0967 0.5106 0
-1.1537 1.2317 0
0.4248 -0.0011 0
-0.1600 0.1702 0
-1.3071 0.6318 0
-2.0442 0.1777 0
0.3198 -0.2658 0
-1.5552 1.0509 0
0.6818 -0.4730 0
0.9483 -0.4350 0
-2.2300 1.2963 0
1.6110 -0.6399 0
-1.6661 2.7694 0
-0.0773 0.9027 0
0.9825 0.3586 0
0.8390 0.1104 0
-2.1118 0.2159 0
0.0652 0.7733 0
-2.2740 0.3949 0
-1.8080 -0.0684 0
-1.6740 -1.5030 0
1.3243 -1.2404 0
2.1974 0.4672 0
0.4286 -1.1638 0
1.2238 -0.3221 0
2.2344 -1.2364 0
-0.7642 -3.1546 0
-1.9848 1.1738 0
1.1523 0.2577 0
-0.2692 1.4772 0
1.8480 0.3282 0
-0.7931 1.6076 0
-0.3253 1.8239 0
1.6602 -1.5357 0
0.2616 0.0801 0
2.4611 1.0905 0
0.9080 0.0505 0
-0.3199 -0.3620 0
0.8875 -0.0491 0
1.3111 0.8504 0
0.0577 -0.3939 0
0.5079 0.2600 0
-0.5897 -0.1644 0
-0.4273 -0.4041 0
-2.6254 -0.7956 0
-0.6669 1.7679 0
-1.0886 0.1542 0
0.7616 0.6567 0
0.8659 -0.5897 0
-0.6140 2.3997 0
0.0506 0.4164 0
-0.0930 1.5270 0
-1.2349 -0.4485 0
1.5085 -0.1864 0
-0.7298 0.0248 0
0.4631 -1.8675 0
1.0138 0.1007 0
-1.5700 0.8457 0
-0.6857 -0.1100 0
-1.1441 0.1815 0
0.2022 -1.0898 0
-0.6154 -0.5336 0
-1.3463 0.8857 0
1.1176 -1.7827 0
-0.9158 -0.8505 0
0.3694 1.5026 0
-0.4744 0.9219 0
-1.1977 1.4168 0
-1.1222 -0.5025 0
1.7403 -1.0118 0
1.7112 -0.9870 0
-1.2760 0.3193 0
0.7707 -0.4343 0
-0.2248 1.0112 0
-0.9496 1.1596 0
-0.0035 0.5715 0
-0.3184 0.1417 1
-0.0170 0.0158 1
-0.6065 -0.4780 1
-1.1394 -1.5605 1
-0.2064 -0.5989 1
0.7234 0.7253 1
1.5591 1.8369 1
-0.1920 -0.1117 1
0.1111 -0.4984 1
0.6090 -0.3386 1
-0.4273 -0.2736 1
0.3761 0.9557 1
0.2962 -0.2120 1
0.5902 0.0224 1
-1.1204 -0.7897 1
-1.8341 -1.7085 1
-0.8530 -1.2808 1
0.6087 0.5231 1
-0.8570 -0.8905 1
-0.1528 -0.3017 1
0.2591 0.0176 1
1.2210 0.7163 1
0.6446 0.5155 1
-0.3880 0.3244 1
0.2690 1.0837 1
0.4076 0.4179 1
1.1676 0.8903 1
-0.7928 -0.5938 1
-0.1354 -0.8667 1
-1.2008 -0.7253 1
-0.5065 -0.3755 1
0.2996 1.2440 1
1.0689 0.6349 1
0.6701 0.9149 1
-1.2648 -1.8151 1
-1.0401 -1.9235 1
-0.4139 -0.0390 1
-0.2850 0.3231 1
1.3606 0.8216 1
-0.5433 0.0799 1
-0.5473 -0.0519 1
0.2012 0.4649 1
0.7222 0.4656 1
0.3312 0.4705 1
-0.3349 -0.1713 1
0.5685 0.1431 1
-0.7965 -1.3704 1
1.5353 1.8854 1
-1.2778 -0.6766 1
-0.9632 -1.1386 1
0.2467 0.2168 1
-0.7621 -1.4352 1
-3.0187 -2.2183 1
-0.3453 0.0231 1
0.1721 -0.0495 1
-0.9905 -1.0200 1
0.8582 0.6335 1
0.9468 0.5862 1
-1.5034 -1.7369 1
1.0873 1.8991 1
-1.1321 -1.1324 1
-0.4553 0.1392 1
-0.7290 -0.8495 1
-2.1048 -1.7919 1
-0.3580 -0.4272 1
-0.1909 -0.4408 1
2.4130 1.7916 1
-0.0508 0.0266 1
-2.8164 -2.9387 1
-1.0182 -1.5319 1
0.8320 0.8583 1
-0.1426 -0.5499 1
1.0789 1.2873 1
-1.1805 -1.2710 1
0.5901 1.2212 1
0.4845 0.6855 1
-0.0128 -0.3575 1
-1.2262 -1.4133 1
-1.5258 -0.4094 1
1.1919 1.2830 1
0.5388 0.2884 1
-1.1729 -1.3142 1
-1.0327 -1.0368 1
-0.7851 -1.4553 1
-0.9285 -1.3839 1
0.3887 -0.2144 1
-0.2098 0.8883 1
0.6777 0.7769 1
-1.0843 -1.1527 1
-1.2580 -1.4645 1
0.1052 0.2195 1
1.5528 1.0563 1
0.6634 0.9966 1
-0.8036 -1.0489 1
1.0708 1.1962 1
-0.4049 -0.6324 1
1.0458 1.3369 1
-2.1274 -2.2632 1
-0.2584 -0.4957 1
-0.0849 0.3600 1
-1.3389 -1.8017 1
1.0239 0.7144 1
0.3201 0.1762 1
0.0282 0.0388 1
0.3783 0.1409 1
1.0895 0.5595 1
0.2646 -0.1294 1
0.0537 0.1014 1
0.8218 1.1487 1
-1.2706 -0.8404 1
0.3221 -0.3305 1
-0.2537 -0.5807 1
1.6128 1.1165 1
0.7515 0.2184 1
-0.6930 -1.1164 1
0.0009 0.6107 1
1.2206 1.3163 1
0.0185 0.5466 1
-0.3733 0.3879 1
-1.4643 -0.9204 1
0.4874 1.4729 1
-1.2139 -1.7265 1
-2.0454 -1.5449 1
0.8565 1.0003 1
-0.8351 -1.3392 1
-1.6552 -1.4927 1
-0.2666 0.2741 1
0.4853 -0.0632 1
0.9371 1.1124 1
0.9123 0.9463 1
0.7033 0.9441 1
0.8370 1.0236 1
-0.7242 -0.5977 1
-1.2005 -1.2657 1
0.8136 0.8304 1
1.6443 1.5822 1
-1.8821 -1.9079 1
0.9768 1.0498 1
-0.7689 -0.7165 1
-1.7015 -1.5822 1
-0.3502 0.2533 1
-1.1011 -0.7094 1
0.8581 1.2703 1
1.0104 1.1401 1
-0.9634 -0.5367 1
0.6413 0.5458 1
0.3216 1.0654 1
-2.0993 -2.2298 1
2.0536 2.3785 1
-0.4198 -0.8548 1
0.9053 1.4002 1
0.1204 0.4192 1
-0.1754 0.7431 1
-0.3777 -1.1712 1
-0.7291 -0.5952 1
-0.6243 -0.7607 1
0.2056 0.5716 1
-1.6077 -1.8176 1
-0.4422 -1.0595 1
0.6525 1.0880 1
-0.5270 -0.8299 1
-0.7745 -0.2982 1
0.7982 0.8845 1
0.4655 0.9476 1
-1.0026 -1.4189 1
-0.5801 -0.5916 1
0.4050 0.5898 1
-2.1761 -2.0807 1
0.5379 0.7235 1
-0.9789 -1.8568 1
0.9708 0.3563 1
1.8345 1.7141 1
-0.0692 -0.0181 1
0.4816 0.8049 1
2.5869 2.3098 1
-1.0925 -1.3653 1
0.8641 -0.0424 1
0.2000 0.9911 1
0.5721 1.3728 1
1.0957 0.9671 1
0.4302 0.2383 1
2.0184 1.4218 1
1.0393 1.8052 1
-0.4424 0.3777 1
0.2090 -0.1482 1
0.9307 0.8467 1
0.8429 1.0813 1
-0.3541 -0.1068 1
0.4467 0.3252 1
-0.6087 -0.7493 1
-0.1395 -0.2419 1
1.2455 1.1827 1
0.2488 0.2496 1
-0.1629 -0.4197 1
-1.1562 -0.3796 1
-0.7696 -0.6109 1
-0.6260 -0.9907 1
0.3495 -0.1085 1
0.9907 0.2264 1
1.9184 1.3537 1
