# X1 X2 y
0.0865 0.9700 0
-0.0983 1.0839 0
-0.8665 0.7250 0
0.3434 0.6013 0
1.5470 1.3419 0
0.8460 -0.2753 0
1.0500 1.7922 0
0.4839 -0.1560 0
0.8563 1.8273 0
-0.5903 -1.4469 0
0.6363 -0.5663 0
-0.2410 -0.2751 0
-1.6481 -0.0954 0
1.0021 -1.1986 0
-0.4905 0.4765 0
-1.5109 0.2246 0
1.3122 0.9402 0
0.0876 -0.4804 0
0.9538 0.0556 0
0.1436 1.1527 0
0.3577 -0.2560 0
-1.0611 1.0773 0
1.1289 0.2405 0
-2.4450 0.9627 0
-0.2461 0.0889 0
0.8742 0.7816 0
0.1487 0.1377 0
-0.2894 -0.5446 0
-0.7573 0.4299 0
0.5293 0.0944 0
-1.2688 0.4632 0
0.8981 -0.9800 0
0.6168 -0.1363 0
0.5825 0.2565 0
2.0152 -1.3209 0
0.0597 0.1503 0
0.4283 -1.1430 0
-1.4317 -0.3303 0
0.8805 1.2474 0
-0.6496 -0.9267 0
0.6907 -0.0338 0
0.5306 -1.4557 0
0.1513 -0.9824 0
0.5924 -1.3684 0
0.7889 2.0190 0
-0.4632 -1.3909 0
-0.3597 -1.3499 0
-0.5355 0.1571 0
-0.5089 0.0851 0
1.1633 -1.4764 0
0.7395 -0.9104 0
1.5472 -0.1423 0
0.1022 1.2738 0
0.3312 -1.6979 0
1.2557 -1.2899 0
1.3635 2.0009 0
0.9937 -0.4395 0
0.7972 -0.3845 0
0.8766 -1.6989 0
-0.1591 0.7251 0
0.7785 -1.3819 0
-0.6179 -1.4051 0
0.9912 -0.1165 0
2.8206 -0.1447 0
1.2561 -1.1387 0
-0.0812 2.7314 0
-1.0353 1.4352 0
1.1861 0.2411 0
-0.5450 1.2936 0
0.2009 0.1821 0
-0.8458 0.9063 0
0.3335 -0.6902 0
-1.1577 1.9103 0
-0.5710 -0.3582 0
-1.5818 0.0135 0
0.3130 0.8660 0
-1.5964 0.1454 0
0.6297 -2.0901 0
-0.3698 -1.5441 0
0.8810 0.3516 0
-0.6113 -0.1996 0
0.6835 2.9763 0
-2.4452 1.7715 0
-1.6378 -0.2707 0
0.7606 -1.1917 0
1.4563 -0.0699 0
1.3268 0.8579 0
-0.3763 -1.0339 0
-0.7132 2.2589 0
-0.7089 -0.2798 0
1.6785 -0.7082 0
-0.0836 -0.7414 0
-0.8058 0.5999 0
1.4376 -1.7189 0
-2.4695 -0.8815 0
-1.0315 0.1490 0
-2.6972 -0.3121 0
-0.3628 0.2126 0
0.6685 0.2046 0
0.1029 0.1691 0
2.9912 -0.2453 0
-1.5523 -0.0871 0
1.5961 -0.6115 0
2.9775 -1.2451 0
-2.3736 1.0879 0
1.5579 0.2593 0
0.0934 1.5282 0
-0.0077 -1.5107 0
-1.2214 -2.0723 0
-0.2085 0.0527 0
0.0111 -1.6715 0
-0.7377 1.4520 0
-1.5307 0.7181 0
-1.8450 0.9876 0
1.1716 0.0235 0
1.0060 1.3077 0
-0.6675 -0.3511 0
0.5224 0.4846 0
-0.5518 1.8138 0
-1.6469 -0.1315 0
-0.0758 0.2707 0
-0.0303 -0.1196 0
-2.0540 -0.8676 0
0.0080 -0.4375 0
0.0559 0.5694 0
0.1977 0.0860 0
0.4336 0.5867 0
-0.6023 -1.9249 0
1.1839 -0.2299 0
-0.0542 -0.7105 0
-0.2775 -1.3151 0
-0.9866 0.5513 0
0.1988 -1.5226 0
0.5092 -0.6149 0
0.3268 0.6960 0
1.2001 1.5082 0
-0.8584 0.0566 0
0.0226 -0.1313 0
1.5135 0.9808 0
0.3300 1.7318 0
0.0713 -1.0537 0
1.1186 0.5691 0
0.6903 1.3301 0
-0.2459 -1.1618 0
-1.4323 1.5932 0
-0.4126 -1.3197 0
0.4288 -1.7070 0
0.1888 -0.6056 0
-1.0972 -0.1083 0
0.1884 -0.9599 0
-0.5799 1.0131 0
-2.0197 -1.1809 0
2.6297 -0.3662 0
0.7270 1.0578 0
1.6415 -0.1793 0
-0.7178 0.1758 0
0.1318 1.5174 0
1.2895 -0.0962 0
-0.0820 -0.0798 0
1.3370 -0.5318 0
1.0772 -0.8811 0
1.2211 -0.2846 0
1.3059 -0.7423 0
0.2474 -0.8558 0
-1.2236 0.1710 0
-0.2729 0.7377 0
0.7978 -0.6420 0
3.4577 -0.1477 0
-1.1660 0.4136 0
0.3437 0.0867 0
-0.4164 0.5774 0
1.8561 -0.6736 0
0.0319 -0.1274 0
1.2501 -0.1906 0
-0.3821 -0.7110 0
0.3915 -0.6515 0
0.3405 0.1860 0
-0.4334 1.7766 0
1.2778 -0.4543 0
0.6152 0.8815 0
-2.1517 -1.9492 0
0.0307 0.0271 0
0.5513 -2.3698 0
-0.1081 -0.3595 0
-2.5728 -0.7388 0
-0.7211 -0.7731 0
0.8148 0.8910 0
0.5592 -0.7374 0
-1.7911 0.3405 0
0.2528 -0.8338 0
-0.1772 0.0164 0
-0.9886 1.6036 0
1.0809 1.3982 0
0.2870 -0.3339 0
-0.0537 -1.2919 0
-0.7659 0.7994 0
-0.2288 -0.4376 0
0.9496 -0.4513 0
-0.7196 -0.0379 0
-0.1032 0.4014 0
-0.2508 0.2374 0
-0.9097 -0.0716 0
1.2217 -0.8672 0
1.5092 -0.5415 0
-1.4463 0.5657 0
-1.9512 -0.2816 0
-0.0930 -1.6924 0
0.7500 0.8106 0
0.9228 -1.1876 0
-1.0846 -0.8132 0
-1.1110 0.7558 0
-0.1501 -0.7176 0
-0.2233 0.7890 0
-0.8279 0.5122 0
1.4962 -0.2066 0
-0.6349 -1.1548 0
-1.2972 1.6569 0
-1.4087 -1.0557 0
-1.3351 -0.6936 0
-1.2572 -0.4845 0
-0.5969 -1.0510 0
-0.5980 -0.1390 0
1.7314 0.3318 0
0.4203 -0.0405 0
0.1481 -0.1363 0
1.1577 0.7601 0
-0.2901 0.6800 0
-0.7413 -0.9173 0
-1.8649 -1.9654 0
-0.1277 1.6424 0
1.3215 1.1405 0
0.3447 1.6200 0
0.1800 0.9154 0
1.8145 0.5765 0
1.0360 0.1692 0
2.6903 0.4001 0
-0.1514 0.4178 0
-0.9317 -0.8411 0
0.9414 1.3539 0
-0.0373 1.8238 0
1.0397 1.3967 0
-0.5241 -1.3945 0
-1.1518 -0.1550 0
-1.0632 0.6182 0
-0.0893 -0.3565 0
-0.5368 -0.8991 0
-0.9165 -0.6544 0
1.3034 1.1959 0
0.8499 0.4158 0
0.0201 -0.5097 0
-2.4294 0.4440 0
-1.7848 0.5827 0
-0.8032 0.2280 0
0.4177 -0.1627 0
1.2414 -0.4169 0
0.5162 -0.8387 0
2.0167 -0.8165 0
0.1352 1.0390 0
0.6313 0.6517 0
1.0276 -1.4339 0
-0.1363 -1.7906 0
1.0392 0.1011 0
0.0639 0.1603 0
1.2776 -0.6395 0
0.2441 0.6493 0
1.0765 -0.4839 0
-0.8885 -0.1968 0
-0.1287 0.0534 0
-1.6411 1.1551 0
1.6317 -0.5851 0
-0.4459 -0.7996 0
0.5064 0.7830 0
1.0442 1.1939 0
-1.3967 -0.5337 0
-0.0948 -0.8480 0
-0.0537 -0.2657 0
0.9294 1.4463 0
-0.1304 0.5065 0
0.5079 -0.9890 0
-0.1570 -1.6755 0
0.9581 -1.9328 0
-0.7648 -0.2437 0
-0.6426 -0.5352 0
-0.1018 0.3449 0
0.0835 0.6197 0
-1.3644 1.6631 0
-1.0391 -0.4760 0
0.1809 0.5588 0
-1.6315 -0.9427 0
-1.0894 -0.6946 0
1.8989 -0.2582 0
-0.5422 -0.6780 0
1.5104 -0.0210 0
0.2836 0.2292 0
-0.3020 -0.3650 0
-0.1846 0.8326 0
-0.0988 -0.3176 0
1.0008 0.8056 0
0.3867 0.1231 0
-0.0991 -1.1954 0
0.9106 0.5094 0
0.9106 -1.6924 0
-1.3057 -0.2652 0
0.2390 0.4843 0
-2.0230 0.8428 0
0.8555 0.0402 0
-1.2657 0.8457 0
-0.9847 0.7329 0
-0.0959 0.5739 0
-0.4982 -1.6863 0
-3.6170 1.1592 0
-0.1807 -1.8715 0
-0.1575 0.0280 0
-0.7961 1.9118 0
-0.5886 -1.0677 0
0.3053 0.8830 0
-2.0428 -0.6840 0
0.0790 1.1144 0
0.2177 0.4119 0
1.7775 -0.0321 0
-0.3208 -0.4781 0
-1.4817 -0.4534 0
1.1594 -0.6521 0
1.2253 0.5054 0
-1.0155 -0.7609 0
-0.9690 0.0166 0
-0.7899 -1.3481 0
1.2950 1.3378 0
-0.7937 -0.4989 0
0.0802 1.4518 0
0.0726 0.7188 0
-1.6268 -1.4633 0
-0.1958 0.1936 0
-0.5305 0.4996 0
-0.5583 -0.2895 0
-0.9756 -0.1469 0
1.3136 2.6570 0
0.4247 0.1081 0
-0.2132 0.5418 0
-0.8556 -2.8855 0
-0.2881 -0.8249 0
0.0896 -0.2810 0
-0.5581 1.2652 0
-0.6547 -0.6555 0
0.5602 -0.5134 0
-0.3777 -0.1516 0
-0.9519 1.2164 0
-0.7582 -0.4456 0
-0.4489 0.7205 0
-2.1405 -0.4699 0
0.6207 -0.5429 0
-0.5924 -0.1892 0
-0.2227 1.5379 0
-0.3265 1.4549 0
0.4099 -0.5693 0
-1.1320 -0.2284 0
-0.6110 0.4467 0
1.1329 -0.8607 0
0.1237 -0.0176 0
-0.3702 -0.8947 0
-0.5769 -1.0987 0
0.3064 -0.5193 0
0.8882 2.0465 0
0.4998 -1.2228 0
1.3847 -0.9957 0
-0.8988 -0.1071 0
0.1604 -0.9367 0
-0.7149 0.7795 0
-1.4761 -0.2337 0
-0.2282 0.8382 0
1.1456 0.3417 0
-1.3394 -0.3443 0
-1.1473 -0.2835 0
-0.8264 1.0610 0
-0.6989 -0.8732 0
0.8942 -0.9029 0
-1.2736 1.2695 0
-1.2115 0.8536 0
-0.9706 1.1191 0
0.6850 -0.2270 0
0.7124 -0.8853 0
-0.3871 0.3098 0
0.8996 -1.1531 0
0.7253 1.0071 0
0.3252 -0.3886 0
-0.6255 -1.3307 0
0.5983 -1.2327 0
-0.7303 2.0959 0
-1.1712 0.5457 0
0.2871 0.7887 0
-0.0784 0.8955 0
0.1879 -0.9048 0
0.6286 0.2508 0
1.4825 -0.2732 0
-0.6900 -2.4003 0
0.7428 -0.5160 0
-1.3153 0.0440 0
0.6839 -0.4795 0
0.3202 -1.0123 0
-0.2253 -0.9659 0
-0.5926 -0.6074 0
-1.4607 -1.6749 0
-2.1252 -0.2061 0
0.7350 -0.1675 0
-1.0348 0.3415 0
0.0883 -2.2239 0
-0.0930 0.0965 0
0.5315 -2.3446 0
0.8534 -0.1305 0
2.3022 -0.5790 0
0.1656 0.5396 0
-1.2013 0.2289 0
1.3905 1.2159 0
1.1919 -0.2145 0
-0.9581 -1.9708 0
0.4139 0.4681 0
1.2588 -0.0658 0
-0.3842 0.8554 0
1.1242 -0.7880 0
-0.5554 -0.8808 0
1.2319 0.3549 0
-0.3528 -0.6698 0
0.3489 -1.1633 0
-0.5008 -0.3139 0
-0.0430 1.9988 0
-2.0362 -1.8846 0
-0.4510 0.1257 0
-2.6982 0.1180 0
0.0618 -0.4604 0
0.5491 -0.3006 0
0.5321 1.2633 0
2.0199 -1.1620 0
0.5517 -0.7353 0
0.9565 -1.0707 0
1.3846 -1.0446 0
-0.9908 0.6756 0
-0.7911 -0.1907 0
-0.3714 -1.6306 0
0.6105 -0.8242 0
1.0050 -0.3576 0
0.5548 -1.7104 0
-1.1457 -1.3139 0
0.8776 0.7648 0
0.0702 -0.2438 0
0.3611 0.2182 0
-1.0638 -1.6714 0
-1.6443 1.3704 0
0.9792 0.3986 0
0.3993 -0.4572 0
-1.4539 -1.0412 0
-1.3636 -0.3456 0
0.3621 -0.6531 0
-0.4875 1.6322 0
0.8162 -0.0424 0
0.2332 1.1807 0
-0.9968 -1.7070 0
0.0021 0.0680 0
-0.0282 -1.3565 0
-0.5520 -1.2274 0
0.6887 -1.7563 0
0.3043 -0.5504 0
-0.3836 -1.4018 0
-0.3668 -1.0404 0
0.2214 1.2393 0
0.3814 1.0038 0
0.0821 0.3035 0
0.3838 0.7996 0
-1.3615 1.2821 0
0.7838 0.4669 0
1.4004 0.1148 0
0.1726 -1.4045 0
1.9167 1.3500 0
1.3954 -1.0699 0
0.6317 0.6138 0
0.0822 -0.9691 0
-0.3203 -1.9552 0
0.7243 -0.4372 0
-0.6706 0.9468 0
0.4332 0.2980 0
-0.0139 1.6650 0
-1.3362 0.8854 0
0.2440 -0.9818 0
0.6348 -0.3437 0
0.7002 1.5376 0
-0.0661 -2.0962 0
-0.2867 0.9566 0
1.2233 1.4620 0
0.3744 0.9301 0
-0.4588 0.3961 0
-1.4279 0.1508 0
0.7939 0.5521 0
-0.2256 -1.1771 0
-0.7168 0.0981 0
1.2205 1.4353 0
0.2741 2.2155 0
1.8549 0.2314 0
-0.5010 0.2740 0
-1.5426 0.4747 0
0.1822 0.5458 0
0.2248 0.2699 0
3.0821 0.6948 1
2.2961 2.8016 1
2.3049 1.2902 1
3.4067 2.2587 1
2.9002 3.6512 1
2.1250 2.0147 1
1.3227 1.8452 1
2.9808 2.2655 1
1.8399 0.0088 1
2.2004 2.5668 1
3.5578 0.9609 1
3.0430 1.2133 1
4.5429 1.3339 1
0.5236 1.7007 1
3.2185 1.5052 1
3.3531 0.7130 1
0.6297 0.3122 1
2.1432 1.7671 1
4.3723 3.0067 1
1.7807 1.7439 1
1.9051 2.1058 1
1.0091 -0.3692 1
5.2606 3.8880 1
3.0420 2.8564 1
2.5135 1.3893 1
2.4290 2.4779 1
2.4098 1.7504 1
3.4411 2.2203 1
2.6163 1.4820 1
5.6578 3.4482 1
2.8205 1.0943 1
4.2639 3.2002 1
4.1014 2.8515 1
2.9145 2.1195 1
3.6479 1.8964 1
4.2986 2.6596 1
3.8055 1.8002 1
4.1680 3.4517 1
4.4200 0.8749 1
5.3374 2.9977 1
1.9156 2.6823 1
2.7934 2.5675 1
3.7618 0.6940 1
3.2967 1.4201 1
2.1400 2.6397 1
3.1604 2.1707 1
2.7174 2.0123 1
4.4805 1.5119 1
4.4240 2.5484 1
3.2744 2.7290 1
3.1868 1.4451 1
2.9992 2.0709 1
2.6845 0.4942 1
3.5311 2.9913 1
1.4185 2.0574 1
3.0095 1.0483 1
1.5616 1.8359 1
2.5121 0.8400 1
2.5072 0.3375 1
3.1094 2.9419 1
1.9321 2.5049 1
3.2439 2.4881 1
3.6152 0.3463 1
1.5196 0.5289 1
2.2807 0.7569 1
2.5442 0.8833 1
3.4778 2.0352 1
3.2531 2.0862 1
5.3357 1.0973 1
2.9649 0.8607 1
1.3423 2.1313 1
2.6259 1.9625 1
3.3368 1.5533 1
2.3407 2.0286 1
4.1050 4.4740 1
3.4074 0.8122 1
4.8138 1.1622 1
1.5679 0.5565 1
4.5018 2.0664 1
4.6223 3.4436 1
2.5068 1.7238 1
3.0651 1.3047 1
3.9094 2.9352 1
3.1135 1.8362 1
1.0355 1.5267 1
2.8648 3.0728 1
1.8213 1.5100 1
2.1970 2.6506 1
1.7568 -1.3431 1
3.7361 2.7545 1
2.6935 1.8114 1
4.8649 1.7298 1
2.6291 2.6756 1
2.5546 0.9667 1
2.5064 0.5535 1
2.5205 3.9933 1
3.4070 2.4756 1
4.5770 3.8503 1
2.9366 1.8532 1
2.3323 1.3118 1
1.9676 0.6931 1
2.5107 2.1150 1
2.8790 2.0741 1
3.3215 1.2379 1
3.6242 2.3991 1
3.6525 1.7670 1
3.9157 2.4635 1
2.8949 2.5670 1
3.0530 2.4547 1
3.1388 2.1542 1
2.6330 3.4364 1
2.6188 2.3744 1
2.1445 0.9973 1
2.5387 1.3396 1
3.7757 1.7203 1
4.6674 1.7782 1
2.0493 0.7154 1
2.6994 1.6568 1
3.6636 2.2431 1
3.0647 1.1940 1
2.2161 3.2872 1
2.5049 1.3636 1
3.5852 1.0788 1
2.6473 1.7848 1
4.4460 2.0348 1
5.4062 1.9639 1
3.8188 1.9214 1
1.4338 1.5887 1
2.8052 2.3175 1
3.0193 1.8241 1
4.3410 1.3858 1
2.6282 1.2347 1
3.3470 1.8377 1
3.4077 2.5861 1
2.2226 -0.0421 1
2.3254 2.9345 1
2.7146 0.4504 1
1.6966 3.3722 1
4.0605 1.4852 1
4.1229 2.7009 1
3.8630 3.4942 1
4.5257 2.2301 1
1.5379 1.8568 1
3.8267 3.1949 1
3.3072 1.8954 1
2.6213 3.0424 1
3.8346 2.1952 1
3.1741 2.4680 1
1.4118 1.4070 1
3.8066 2.5733 1
4.2077 2.6385 1
4.2835 4.0618 1
4.0007 2.2340 1
2.5109 1.7165 1
2.8655 1.1417 1
3.0446 2.5701 1
2.8897 2.8575 1
2.6184 2.2598 1
3.8408 2.7214 1
4.6981 2.0649 1
3.3462 2.3951 1
3.1361 2.7477 1
3.3687 2.3301 1
3.1503 2.5232 1
4.5074 0.9868 1
0.8752 2.8330 1
2.0206 1.2320 1
4.8688 2.5876 1
2.9604 2.0231 1
3.3818 2.1165 1
3.3193 2.3831 1
3.2679 2.3749 1
2.2485 1.4920 1
2.2933 2.4772 1
2.2602 1.0968 1
4.5122 2.6041 1
4.3642 2.7015 1
2.9420 3.3953 1
2.6091 2.5501 1
1.9567 2.3388 1
2.6275 0.9593 1
3.5907 3.7443 1
2.6734 1.5720 1
1.7945 0.9256 1
3.0902 1.6063 1
2.2758 1.5598 1
3.1096 1.9407 1
2.9659 2.9232 1
1.7440 3.4458 1
3.9725 3.0251 1
3.3874 4.4985 1
2.5923 0.1665 1
3.2777 2.7734 1
3.3622 2.1612 1
1.9742 1.7663 1
3.6616 0.0126 1
2.1333 2.8591 1
3.7815 1.3156 1
4.3522 -0.0427 1
1.7254 0.5351 1
2.0163 3.0969 1
2.3477 1.4600 1
3.9264 1.1693 1
3.0266 2.0470 1
4.0186 0.7110 1
2.4934 1.0011 1
4.2760 2.5543 1
1.6335 0.7607 1
3.0224 1.8922 1
2.7095 2.5933 1
4.3010 3.0368 1
3.5189 1.7758 1
2.2718 2.8505 1
2.5351 1.7351 1
3.5439 -0.0285 1
3.9749 3.1027 1
2.3779 -0.1913 1
3.7734 3.0238 1
3.8067 0.5579 1
2.9184 1.3480 1
1.7446 0.4675 1
3.6955 1.5231 1
4.4465 1.9849 1
4.7096 2.3527 1
3.2964 1.2485 1
3.3205 2.7824 1
4.8298 1.8187 1
3.2899 2.3971 1
3.2697 1.9560 1
1.9735 1.7237 1
3.1120 1.3786 1
3.9534 3.1588 1
4.3895 1.6148 1
2.2959 0.6723 1
2.1240 1.4481 1
2.0011 2.0307 1
2.6882 1.8177 1
3.3214 0.0189 1
4.1487 1.8290 1
3.2905 1.6797 1
2.7774 2.2148 1
2.4761 -0.3701 1
4.3886 2.3160 1
2.7559 1.3906 1
3.2475 0.9005 1
2.1570 1.9749 1
2.0348 1.3582 1
2.5005 1.6774 1
1.9098 1.8224 1
1.0856 1.4447 1
5.2956 2.8896 1
2.8704 2.3840 1
4.6218 2.5854 1
4.5384 2.1427 1
1.6604 0.8802 1
4.1301 1.7393 1
3.1081 2.8966 1
4.2769 0.6091 1
1.2377 2.5590 1
3.5000 2.1449 1
3.9409 4.1800 1
3.4236 3.6537 1
3.0899 1.0848 1
1.6368 1.7488 1
3.6359 2.7125 1
3.3113 3.5884 1
2.1622 2.9260 1
3.5257 2.3448 1
0.5087 -0.0918 1
5.7784 4.0694 1
4.8270 0.5815 1
1.7056 2.4093 1
3.6458 2.8496 1
3.0700 3.2821 1
0.9439 1.6862 1
2.4126 2.8156 1
4.8247 1.7468 1
3.1232 0.9610 1
3.6685 1.2738 1
2.2751 2.5774 1
4.8807 2.9075 1
1.0818 1.9915 1
4.0550 1.8540 1
2.3623 1.2219 1
0.5155 2.0122 1
2.8375 3.2567 1
4.2951 1.9551 1
4.6943 2.9211 1
3.4514 3.1333 1
3.7982 2.9521 1
3.5162 2.1678 1
5.3357 2.8596 1
1.8378 0.6202 1
3.7751 -0.5449 1
2.7375 2.0758 1
3.5602 1.3458 1
1.7941 2.2528 1
3.3776 2.9255 1
1.3317 0.1292 1
2.7898 1.3347 1
3.2317 1.1030 1
2.0557 1.6018 1
2.0494 2.4314 1
4.5892 1.9430 1
3.8559 2.7053 1
2.5724 1.4683 1
3.1575 0.9726 1
0.3023 0.8152 1
2.6281 1.9762 1
1.9032 0.8894 1
1.7763 1.9494 1
2.3822 1.7334 1
2.7339 3.5116 1
2.5964 2.6517 1
1.8547 2.3453 1
3.0234 2.1930 1
1.8673 2.7029 1
3.0988 0.1705 1
3.4845 2.2436 1
4.5985 2.2704 1
0.9245 1.1152 1
2.1704 1.3336 1
2.6153 2.0682 1
2.2325 2.2712 1
3.6328 0.7034 1
3.0125 1.2606 1
4.2490 0.5608 1
2.6509 4.7899 1
5.0855 2.7308 1
2.5759 2.1111 1
1.9017 1.5242 1
1.8695 1.7029 1
3.6635 2.8749 1
4.0759 2.9321 1
2.6152 0.9808 1
3.4845 2.5040 1
4.5066 2.0233 1
1.6404 0.0998 1
3.0211 2.3632 1
2.7248 2.4098 1
3.8994 1.1699 1
2.1213 1.2194 1
3.4471 1.5309 1
3.9713 2.9907 1
1.3927 2.2092 1
3.8212 3.1082 1
4.6017 1.4815 1
3.5089 2.0850 1
2.4371 1.3314 1
1.0141 0.7091 1
2.6648 2.5832 1
3.9874 1.2382 1
2.5056 0.1926 1
2.0878 4.1732 1
2.4765 2.1991 1
4.9203 2.2690 1
2.6017 2.0831 1
4.1014 2.4283 1
3.4499 2.5572 1
3.4642 1.3099 1
1.1430 0.1749 1
2.4301 1.3615 1
3.7915 3.6479 1
2.4607 3.0021 1
4.3456 3.1043 1
2.3047 1.9617 1
3.7548 1.4782 1
1.1884 1.4828 1
2.2542 0.8548 1
2.9840 1.6158 1
1.8950 -0.8226 1
2.2395 2.7570 1
3.3058 0.2561 1
3.3706 2.0536 1
2.5554 1.8056 1
3.3077 2.9711 1
1.9775 3.7356 1
2.4259 1.6245 1
1.7703 0.6878 1
2.6569 1.7780 1
3.3487 1.3958 1
4.1305 3.0656 1
3.1555 1.5053 1
2.2904 2.4715 1
0.0060 2.3417 1
4.4132 0.2599 1
2.7848 2.8236 1
1.5673 2.8470 1
2.1212 1.5810 1
2.0436 2.3725 1
2.1465 2.2540 1
2.7015 3.7999 1
3.2566 0.5938 1
2.0230 0.0035 1
3.5301 2.8856 1
3.7753 2.4970 1
4.1040 1.9730 1
3.7286 3.1887 1
2.5204 3.1042 1
3.1352 1.4510 1
0.8440 1.3277 1
2.7291 1.6292 1
2.0886 1.4623 1
1.1835 2.3225 1
2.9886 2.1008 1
4.0752 1.3966 1
2.3538 0.3321 1
2.8017 1.1886 1
3.1714 2.0982 1
1.0521 1.7558 1
5.3473 3.3861 1
2.2100 1.2748 1
1.6619 1.5238 1
1.4212 2.5283 1
3.7128 2.3442 1
3.6259 2.7541 1
4.2174 0.4363 1
1.2305 1.0322 1
3.1852 1.8494 1
3.3413 3.4331 1
3.1355 2.1201 1
3.4732 1.0385 1
4.6069 1.6015 1
1.2504 1.7595 1
4.2863 1.2048 1
1.0288 0.4803 1
3.6494 1.4110 1
2.3985 2.3665 1
2.7640 2.0509 1
2.7673 1.1556 1
4.0538 -0.0526 1
4.7234 1.6394 1
2.7287 0.1978 1
3.3878 1.9113 1
3.2463 1.0510 1
2.6673 1.4432 1
3.3604 2.8660 1
3.2987 1.5884 1
3.3446 0.4431 1
3.8117 2.5968 1
3.0712 1.9769 1
2.0840 3.5564 1
2.9959 2.9416 1
1.5220 2.7838 1
3.0079 2.6452 1
4.4276 2.0934 1
2.4760 2.8369 1
1.7507 0.2445 1
1.7724 0.5411 1
1.3032 2.9525 1
2.7249 2.3036 1
2.7743 1.6512 1
2.2566 1.7962 1
2.5989 1.7633 1
2.8813 1.8549 1
1.9079 0.9795 1
1.9161 2.3250 1
4.2617 1.9484 1
2.2916 0.5834 1
4.4267 0.8889 1
2.1652 2.6449 1
3.7023 2.1717 1
1.9786 2.9197 1
2.8548 1.9002 1
2.0475 1.2323 1
4.2474 0.8829 1
3.2445 1.9832 1
4.2677 2.0647 1
3.7146 1.8260 1
3.4964 0.5683 1
3.9216 0.8617 1
1.5938 1.3306 1
1.3987 1.3875 1
3.4930 1.0628 1
1.4313 -0.3998 1
4.4303 1.5885 1
2.9441 1.3537 1
3.3389 1.4319 1
3.1577 0.8513 1
2.9088 3.8688 1
3.4287 2.7954 1
1.5171 3.5847 1
4.6200 3.8610 1
4.2039 2.1976 1
2.4532 1.9481 1
2.9209 0.1707 1
1.8475 1.5407 1
2.7127 1.6503 1
5.5398 1.3224 1
3.2800 1.1312 1
2.4322 1.5996 1
3.6247 0.5949 1
1.4778 1.4650 1
2.2640 2.5776 1
2.2656 3.2973 1
3.1948 2.2404 1
2.7145 0.4662 1
3.0303 0.6482 1
2.3686 2.1099 1
2.2053 2.2537 1
