# X1 X2 y
-0.2455 1.4101 0
-0.1058 1.1203 0
2.4477 -1.2249 0
-0.7770 -1.2666 0
0.3596 0.5565 0
-0.8418 0.2385 0
-1.0225 -0.6410 0
0.8129 -0.4581 0
-0.1995 0.3474 0
1.2273 0.7372 0
0.0730 -0.3759 0
1.9797 -0.9237 0
1.0810 2.5058 0
-1.3489 -0.7127 0
0.1321 1.1396 0
0.3864 0.5250 0
-0.3125 0.9681 0
1.3979 -0.0621 0
0.8335 0.5862 0
-0.7303 -0.4137 0
1.6511 0.5266 0
0.3615 -0.4116 0
-0.5017 0.1574 0
-0.5389 -0.0176 0
-0.7811 -1.5244 0
0.4721 0.0217 0
-0.6321 -0.0760 0
1.2350 0.1060 0
0.4663 1.5690 0
1.0237 -1.7303 0
-1.2398 1.1228 0
-0.5235 1.0839 0
0.1340 0.1934 0
-1.1694 -0.3813 0
0.2449 -0.0570 0
0.1793 -0.8552 0
-1.2947 -0.9135 0
0.7177 -0.3836 0
0.1595 -0.1778 0
1.0244 -1.7033 0
-1.3990 0.4701 0
0.3554 -0.4914 0
-2.2000 -1.0035 0
-2.9127 -0.0744 0
-0.7177 -0.3516 0
0.8094 -1.2241 0
-0.6467 -0.9016 0
0.3139 -0.5079 0
0.8197 -0.2631 0
-1.1613 -0.0630 0
-0.1838 0.0279 0
-0.9093 0.3242 0
-0.5860 -1.6697 0
1.5789 -2.0028 0
-1.4594 0.3815 0
-1.0062 -0.9349 0
1.2225 1.4825 0
-0.8447 0.7532 0
-0.1319 -0.9831 0
-0.3508 0.9694 0
-0.4737 0.3746 0
-1.6970 -1.0802 0
1.0399 0.7452 0
-0.4121 -0.6914 0
0.6411 1.7457 0
-1.8868 -1.4778 0
0.8624 -0.6047 0
1.3021 1.0084 0
0.3100 -0.2103 0
0.5719 0.1055 0
1.5461 0.3029 0
1.3292 0.7813 0
-0.4420 0.2466 0
0.1373 -0.5764 0
0.5052 -0.1011 0
-0.2990 -0.7639 0
0.7424 -0.6271 0
0.9930 -0.1532 0
-1.1520 -1.3236 0
-0.2790 -0.9416 0
1.2187 0.8158 0
0.1810 -1.0760 0
-1.3838 0.7843 0
1.3987 -1.5240 0
-1.7219 -1.1397 0
0.3211 0.2984 0
1.0138 1.9430 0
-0.1522 0.0318 0
0.2187 -0.4714 0
-0.4349 0.1337 0
-1.1071 -0.7279 0
0.4056 1.3503 0
0.4237 -1.5359 0
0.1088 0.0032 0
-1.4611 -1.7661 0
1.6527 0.9106 0
-2.3335 -0.6002 0
-1.7187 1.0170 0
-0.5076 -0.2940 0
1.1274 -0.4366 0
0.1923 1.1205 0
0.3689 -1.0826 0
0.6236 0.0570 0
1.5867 0.1213 0
-1.2477 -0.5936 0
-1.0617 0.5476 0
0.7119 0.4766 0
2.6422 -0.6389 0
-0.2445 -0.0206 0
-1.7703 -0.3270 0
0.4685 0.7609 0
-0.2073 -2.3903 0
0.6355 -1.0730 0
-1.6737 -2.4099 0
0.2963 0.1650 0
1.1578 0.0658 0
1.3349 -0.3838 0
0.4445 0.3500 0
1.0449 -0.4505 0
-1.0056 0.2048 0
0.1696 -1.8993 0
-0.4489 0.0034 0
0.6810 -1.3029 0
-0.4008 1.5071 0
0.1898 0.5609 0
-0.0256 0.5114 0
-1.2097 0.7302 0
0.8938 0.5837 0
-1.3280 -0.3745 0
0.7705 1.3745 0
1.4605 -1.1687 0
-1.5333 0.1152 0
0.0701 -1.3554 0
-0.1644 -0.2451 0
-0.9860 0.5465 0
-0.5187 0.1119 0
-0.0952 0.9498 0
0.9027 1.2190 0
0.3096 1.8546 0
-0.8296 -1.6396 0
0.0556 0.2043 0
-1.5142 0.4172 0
-1.1321 0.1486 0
-1.2517 -0.2163 0
-1.4753 1.0621 0
1.3462 -1.9985 0
0.0423 0.3052 0
1.5686 0.5556 0
1.1978 1.8247 0
0.9829 0.5497 0
-0.1043 -2.8260 0
-0.8522 0.6395 0
1.1797 0.1728 0
1.3437 -1.5596 0
-0.6955 -0.6452 0
0.0676 -0.5658 0
0.6928 1.5045 0
0.2488 0.9619 0
1.8410 -0.7431 0
-0.2740 1.3903 0
-0.5278 0.0869 0
1.0448 -0.5173 0
0.3195 -0.9446 0
-0.0673 1.5807 0
-0.4330 -0.3807 0
1.1960 0.0207 0
1.0222 -0.7177 0
-0.0072 -0.2543 0
1.0512 -1.9895 0
-1.3413 -0.5294 0
-1.0176 -0.2620 0
-0.3957 0.4898 0
0.1276 -0.5922 0
1.4137 -1.2044 0
2.3160 -0.1171 0
-0.9497 -0.3982 0
0.5457 0.0539 0
0.9721 -0.2688 0
-1.0576 0.8037 0
0.8186 -0.1752 0
-1.8263 -1.5237 0
-0.5199 -0.3944 0
-1.0019 0.2570 0
0.8175 1.5994 0
-0.1808 -0.9099 0
0.8483 0.1086 0
-0.7740 -0.7572 0
-0.3462 -0.5000 0
-0.5346 0.0814 0
-0.4223 0.7836 0
1.3249 2.2321 0
1.0006 -0.5471 0
-0.0308 0.6542 0
-1.2749 1.1874 0
-1.7334 -1.0671 0
0.0818 1.0316 0
-1.6107 -0.8288 0
1.6627 -0.8842 0
0.0808 0.7767 0
0.2028 -0.0554 0
3.7452 2.6252 1
1.9910 1.0918 1
2.3021 -0.0004 1
3.5911 2.4515 1
1.5061 0.1868 1
2.4645 0.9999 1
3.6941 0.0470 1
1.2503 2.0841 1
2.1300 1.1232 1
3.4929 1.5787 1
1.3189 0.3467 1
2.3885 -1.0560 1
3.9518 1.8579 1
-0.2838 1.4831 1
1.7176 1.6151 1
2.6457 1.9474 1
1.7432 0.5422 1
2.8685 1.9767 1
2.5153 0.8009 1
4.2572 -0.1410 1
0.8015 1.2337 1
1.7331 1.4521 1
4.0081 0.0548 1
2.9654 -0.4980 1
1.3803 1.8424 1
-0.5503 -0.4925 1
3.9669 1.1882 1
3.1180 1.9832 1
0.2900 1.8340 1
3.2507 1.2143 1
4.0624 2.5710 1
2.7462 2.0729 1
0.5043 0.6464 1
1.8659 2.0946 1
2.0042 1.0389 1
0.7550 1.4807 1
2.5894 3.2888 1
3.4892 2.0653 1
2.0889 0.8527 1
2.2579 -0.4725 1
-0.0257 1.6404 1
2.1634 0.0982 1
1.8616 0.1253 1
1.3600 2.1939 1
1.4752 0.4253 1
2.3221 -0.1273 1
3.7372 -1.4583 1
3.0672 1.6909 1
1.4973 0.8296 1
1.4813 0.9801 1
1.6273 1.6288 1
2.3699 -0.3304 1
0.6912 1.0607 1
2.0427 2.5565 1
1.1277 -0.2769 1
2.3261 0.2402 1
2.2094 0.4223 1
2.5962 1.4966 1
1.7664 0.2818 1
3.7371 1.0254 1
1.4318 2.1608 1
1.3390 1.4063 1
1.6366 2.9752 1
2.4451 0.0841 1
1.8022 0.3222 1
0.6606 1.3660 1
2.6515 -0.2629 1
1.3000 1.7371 1
1.9622 2.3671 1
2.5825 0.7351 1
0.8409 1.7405 1
-0.3346 0.8366 1
2.2202 0.9310 1
2.6380 1.1645 1
1.3180 1.6717 1
3.1815 3.0662 1
1.4127 -0.7209 1
1.8793 -0.5554 1
3.4203 0.3906 1
1.4378 3.2515 1
1.1800 0.3490 1
2.2599 2.2233 1
2.2604 1.3996 1
1.7837 2.0151 1
1.8515 1.3342 1
2.8371 1.3479 1
3.2220 1.2052 1
1.6925 -0.4042 1
3.6071 1.5854 1
2.3341 0.9944 1
2.5257 1.4593 1
1.5709 0.9280 1
2.0541 0.8411 1
0.8972 0.4470 1
3.1812 1.6803 1
1.4326 0.1105 1
1.7138 1.3133 1
2.0338 0.6739 1
0.5321 0.0353 1
3.3472 1.8752 1
1.2700 1.7808 1
-0.4105 -0.3103 1
1.9039 2.1776 1
1.1874 -0.8012 1
1.8165 -2.5018 1
3.5199 0.5773 1
1.3541 0.7175 1
3.6067 -0.6802 1
3.2833 1.1341 1
2.6727 1.1710 1
1.3389 -0.8518 1
3.5500 1.4046 1
1.0325 0.2672 1
2.8969 2.5233 1
1.0400 1.8954 1
0.2271 0.1116 1
3.7695 -0.4119 1
3.5041 1.1017 1
1.7706 1.6128 1
3.8299 1.2174 1
1.4187 0.7603 1
1.7252 2.4821 1
2.8143 2.0021 1
2.3245 1.4387 1
3.5904 0.5597 1
0.9793 0.8776 1
2.6605 0.2596 1
1.8133 -0.6991 1
2.8175 2.4533 1
2.5286 2.7399 1
3.9941 1.7255 1
1.3723 2.6161 1
1.6205 0.6398 1
1.6996 1.9683 1
1.6568 1.6890 1
1.7156 1.3448 1
0.8340 -0.8077 1
2.5068 0.6344 1
4.3782 1.4469 1
3.2650 2.4725 1
1.6072 2.4556 1
2.2136 1.0309 1
2.4079 -0.0588 1
3.5737 2.9895 1
3.1676 1.0273 1
0.5608 0.2379 1
0.1129 0.1088 1
2.7206 1.8718 1
2.1293 2.5607 1
1.9169 1.8166 1
1.3871 0.9225 1
1.2994 -0.4037 1
1.9461 0.7539 1
0.6957 0.0601 1
0.6368 0.9824 1
3.0175 2.5148 1
1.0378 0.2171 1
1.1996 -0.4219 1
3.3459 0.2349 1
2.3486 3.1731 1
1.7010 0.3239 1
0.7818 -0.3818 1
2.8185 0.2858 1
1.9835 1.4520 1
2.7193 1.5509 1
3.3485 1.0937 1
2.3314 1.4041 1
1.7148 -0.2127 1
3.0954 0.7145 1
2.0930 2.2623 1
2.9785 1.7876 1
2.3801 2.5185 1
4.5093 0.3450 1
1.6401 0.8674 1
2.1598 1.9436 1
3.3261 2.3133 1
2.0656 1.9893 1
1.7876 0.6612 1
1.4252 0.1785 1
-0.0146 -2.2533 1
0.8770 -0.9948 1
3.2565 1.7556 1
3.0015 1.3385 1
2.2830 0.4665 1
0.2018 -0.7444 1
0.2099 0.9061 1
2.8825 1.7053 1
1.8744 0.2602 1
3.3303 1.0703 1
2.4105 1.3284 1
1.6400 -0.2943 1
1.9409 0.4606 1
4.4982 -0.3615 1
-0.0025 -0.1923 1
1.9512 0.1403 1
2.8952 1.1322 1
4.0390 2.4603 1
3.6557 1.5786 1
1.5546 -0.4227 1
0.7957 0.9985 1
