# X1 X2 y
0.6769 -0.4033 0
1.0421 0.3040 0
-0.9880 1.1171 0
0.4764 1.8366 0
0.4003 0.2959 0
0.7902 0.4000 0
-0.2963 -0.7533 0
-0.4638 -0.0918 0
0.3748 -0.0304 0
-0.4286 -0.8825 0
-1.6681 -0.8126 0
1.0435 0.1698 0
1.2258 1.3238 0
-1.0343 -0.5716 0
-1.1043 0.7261 0
-1.8593 -1.8954 0
1.1822 0.7331 0
-0.2426 -0.6230 0
-0.6540 0.8346 0
-1.3154 0.1740 0
-1.7445 -0.5868 0
-2.5164 0.9382 0
0.2772 0.4906 0
-1.3968 1.3885 0
0.0829 0.2892 0
2.3323 1.3773 0
-0.4289 0.2655 0
-0.0016 0.6291 0
-1.0148 -0.8770 0
2.0739 0.3720 0
-0.7380 -0.6612 0
1.1072 -1.1909 0
1.2126 1.7543 0
-0.9862 -0.7372 0
0.0122 0.8913 0
-0.0500 0.1112 0
0.8662 1.7197 0
-0.0748 2.1941 0
0.3936 0.3351 0
0.9988 0.6980 0
1.1829 -0.9635 0
0.9825 1.8851 0
1.2010 1.7162 0
-0.3527 0.9242 0
-0.3550 1.0138 0
0.8490 -0.9227 0
-0.3469 -0.8064 0
1.1962 -0.1300 0
-0.6924 -1.7209 0
0.5842 1.0575 0
0.1109 -0.4129 0
0.4801 1.3847 0
-0.4714 1.5301 0
0.2906 0.1214 0
-2.1551 1.0849 0
-0.9749 1.4374 0
-0.9751 0.4043 0
-1.1448 -0.2500 0
0.8367 -0.5391 0
-0.0058 -0.3237 0
0.4281 0.0161 0
-0.8838 0.1543 0
-0.4094 0.7652 0
-0.9536 0.2490 0
-0.3915 -1.4008 0
1.5696 -1.4802 0
-0.5795 0.0208 0
-0.1663 0.6074 0
-0.5007 -1.2622 0
0.2592 0.0848 0
0.4820 0.5329 0
0.5574 -0.8041 0
1.2796 0.1197 0
-0.0121 1.0946 0
0.1003 0.6470 0
1.1562 0.6603 0
-1.5433 0.1878 0
0.1920 1.3881 0
0.7124 1.6710 0
-1.5383 0.0514 0
1.1524 0.6270 0
0.7881 1.6400 0
0.5487 -0.4757 0
-1.1325 -0.0143 0
-0.8931 -0.7965 0
-0.5556 -0.3625 0
0.3185 0.6134 0
1.0676 0.4852 0
1.0002 -0.4721 0
-0.7064 0.5898 0
-1.3878 0.3899 0
-2.0683 -0.3009 0
0.6252 -0.2929 0
-0.1656 -0.7673 0
0.5777 -0.3509 0
0.1128 1.8638 0
1.1409 2.1922 0
-1.3896 0.6153 0
-1.3573 0.7967 0
0.1346 -1.4426 0
-0.2174 0.6067 0
-0.8877 1.1040 0
0.4995 0.5000 0
-0.4672 1.1896 0
0.6708 -0.6027 0
0.1001 0.9882 0
0.1921 1.0858 0
0.1415 1.5830 0
-1.0940 -1.3708 0
0.2273 1.1726 0
-0.0416 -1.2338 0
-0.7587 -0.7291 0
0.5736 -0.5056 0
0.3084 0.2732 0
0.4523 1.2470 0
0.2593 -0.2514 0
-0.5391 -0.8251 0
1.0709 2.1519 0
-0.1215 0.2742 0
-0.5979 -1.1148 0
2.5758 0.5921 0
-0.5418 -0.5655 0
0.9857 0.1048 0
-1.3672 -0.9156 0
-0.5254 0.9591 0
1.6531 1.0644 0
0.1379 -1.2962 0
0.5988 -0.5755 0
-1.6627 0.4225 0
0.9767 1.2971 0
0.2150 -0.5637 0
-0.3862 -1.1518 0
-0.3960 -0.5473 0
-0.6163 0.5171 0
0.0483 -0.3215 0
-0.3464 0.0362 0
-0.1496 -0.2053 0
0.3809 -0.6219 0
0.6244 -0.5981 0
0.5699 -0.0440 0
0.7257 -1.4192 0
-1.1233 -0.2545 0
-0.6579 0.3577 0
0.6194 -0.7631 0
-0.6388 1.1352 0
0.8235 0.9017 0
-0.6456 -0.6324 0
-1.0913 0.1312 0
1.4976 2.8193 0
-0.5472 -0.1116 0
-0.1143 1.1066 0
0.3147 -0.2316 0
0.5405 -2.4058 0
-0.8308 -0.9289 0
0.0666 -0.4364 0
0.0004 0.5661 0
-1.5573 0.4420 0
-0.3772 0.8089 0
-0.2129 -0.8551 0
-0.4384 -0.7820 0
1.2797 0.0147 0
0.1463 0.8932 0
0.9361 -0.5182 0
0.2714 -0.7851 0
0.5883 0.2227 0
-0.0827 0.4837 0
-0.8001 1.7096 0
-0.5163 0.0918 0
0.3535 -1.2106 0
-1.9197 -1.0510 0
-0.3747 -0.7082 0
0.4310 -1.2166 0
-0.4246 -2.4878 0
-1.4681 -1.0283 0
0.3436 0.6514 0
-1.3312 -1.3433 0
0.7201 0.3854 0
0.5088 -0.0020 0
0.4010 0.2141 0
1.7848 0.5151 0
-1.4260 0.4914 0
0.9839 -1.2751 0
2.2459 1.4989 0
-0.2948 -0.7386 0
-1.3633 0.6980 0
0.7411 -1.3188 0
-0.2038 -1.4243 0
1.9588 1.8724 0
-0.7807 1.1113 0
-1.4838 -0.7037 0
-0.3506 0.7303 0
1.1166 1.6078 0
1.9436 0.1491 0
-0.6130 -0.2367 0
0.5502 -1.7353 0
1.6062 -1.2736 0
0.5307 1.2350 0
-0.7380 -0.6191 0
0.7166 1.5399 0
0.2764 0.6106 0
4.4925 2.4997 1
2.6496 -0.2726 1
3.4054 2.1434 1
4.1635 1.4014 1
4.4121 1.8976 1
6.1758 2.1122 1
3.9199 1.8438 1
3.3346 -0.4008 1
3.6658 0.1002 1
2.8855 2.1321 1
3.1414 0.3782 1
4.0001 -0.2128 1
3.8816 1.9525 1
3.9633 1.0135 1
2.3211 0.3253 1
4.0690 1.8739 1
2.9993 -0.2421 1
3.0999 0.1299 1
3.4304 1.2571 1
4.0955 -0.4954 1
4.6037 2.6216 1
3.7001 1.7174 1
3.1155 0.8037 1
4.3372 0.0031 1
4.6579 0.8249 1
2.9771 1.2797 1
3.9555 -0.1309 1
5.8542 1.2300 1
5.1117 1.6878 1
2.2027 0.1748 1
2.9208 1.7038 1
1.9391 -0.9838 1
3.8246 1.0536 1
3.8626 1.8161 1
3.1407 0.0228 1
4.3374 2.8663 1
2.9985 1.4898 1
6.2946 2.0257 1
5.3491 0.8406 1
4.0608 0.6362 1
5.7136 1.2503 1
3.4218 1.5281 1
4.0792 0.9038 1
4.6465 0.2388 1
3.6556 1.5368 1
3.2765 1.2663 1
6.1986 1.4088 1
2.9837 2.3034 1
5.8249 0.0577 1
4.7974 1.1279 1
3.9620 0.8613 1
4.5076 -0.0801 1
3.1406 0.6870 1
3.1645 -0.5585 1
3.0691 1.1601 1
4.5652 0.6293 1
3.2494 1.0128 1
3.0145 0.8954 1
5.6333 1.5549 1
2.9780 0.8113 1
3.5721 2.4304 1
5.1464 1.8997 1
4.0732 1.5192 1
3.7381 0.2728 1
1.6198 -0.0183 1
4.2462 0.7469 1
3.2919 1.1811 1
4.8810 1.1033 1
3.8217 0.2751 1
2.8582 -0.6129 1
3.3785 1.2952 1
2.7526 -0.0419 1
3.3306 1.7095 1
3.8841 1.3386 1
4.0131 -0.4088 1
4.9126 0.1400 1
4.6683 0.2944 1
4.7488 1.9456 1
2.8795 -1.2693 1
4.7075 0.6165 1
4.8729 0.6216 1
2.7947 -0.0833 1
2.6817 0.5760 1
3.9535 1.4509 1
2.2618 0.2230 1
3.3203 0.5271 1
3.5272 1.0031 1
3.1861 0.2805 1
3.9677 1.8444 1
4.1604 0.4296 1
5.1883 1.6279 1
3.6962 1.6141 1
3.6970 2.4051 1
4.5191 0.9457 1
3.6986 -0.4581 1
2.4294 1.0328 1
6.2981 -0.2569 1
4.9223 1.8225 1
3.9213 0.0288 1
3.6477 2.1511 1
4.4079 1.1204 1
3.5514 0.9146 1
3.6742 1.0747 1
3.9496 1.1218 1
3.7052 0.4599 1
3.0438 1.3106 1
4.8160 0.7134 1
3.0788 -0.5972 1
2.9985 -0.0253 1
3.7980 2.0205 1
4.8075 1.2083 1
5.8985 1.7224 1
5.3807 2.0379 1
4.0691 1.7903 1
5.3371 0.2792 1
2.9950 -1.0893 1
3.9396 0.7668 1
5.1281 -0.1515 1
5.3833 0.5845 1
4.9543 2.7206 1
1.6247 0.7531 1
3.6461 1.0731 1
5.7010 1.6955 1
5.1766 0.3890 1
2.8002 2.8071 1
4.5057 1.5594 1
6.0301 0.5236 1
3.6900 -1.9116 1
3.7875 -0.3775 1
4.2497 1.1220 1
3.9363 0.1654 1
5.0711 -0.1390 1
2.6247 0.5727 1
2.7639 0.2125 1
3.5769 -1.1287 1
5.9775 0.3100 1
3.1222 0.7600 1
4.4686 1.6150 1
5.4682 2.0665 1
4.2804 1.3267 1
4.6783 0.5971 1
4.2256 2.7921 1
4.5398 -0.9081 1
3.2759 0.6609 1
6.3675 2.4781 1
3.6744 0.8767 1
2.7125 -0.0061 1
4.8536 1.0055 1
3.7405 0.6538 1
3.6947 2.2859 1
3.5223 0.9833 1
3.4164 0.9254 1
3.3484 0.0566 1
4.4303 0.7844 1
2.5470 -0.7187 1
4.3646 0.4517 1
4.3708 2.0901 1
3.7121 0.8873 1
5.4140 2.4236 1
3.6650 -0.7356 1
3.6754 -0.6212 1
4.1633 1.0533 1
5.1237 2.2641 1
3.5835 0.5875 1
3.5046 1.3712 1
4.9307 1.4758 1
5.1730 -0.0506 1
3.6951 1.2554 1
1.9681 1.2930 1
4.6339 0.3310 1
5.2229 1.1033 1
4.1090 -0.4655 1
4.4355 0.9407 1
4.7542 0.7969 1
3.1595 0.1965 1
3.3182 0.5668 1
5.2804 2.5743 1
2.5359 0.2027 1
0.7470 0.2301 1
3.0622 0.8705 1
4.5551 3.6162 1
5.8594 0.8403 1
4.8581 2.8535 1
4.8456 1.5932 1
4.9088 1.2358 1
2.5326 2.0163 1
4.3985 0.3075 1
4.7013 -0.5635 1
5.0090 1.0725 1
5.6484 1.6412 1
3.9211 1.7773 1
4.1018 1.9870 1
5.5688 1.4695 1
4.7035 0.5371 1
5.1300 1.9233 1
5.6359 1.5150 1
3.4117 -0.0671 1
3.3402 -0.5778 1
2.6363 -0.2655 1
4.3690 1.4311 1
