# X1 X2 y
-0.0464 -0.5364 0
0.0932 0.4470 0
-0.2015 -0.7035 0
1.0132 -0.7115 0
1.2553 0.1133 0
0.3034 0.8272 0
0.3713 -0.1242 0
-0.6920 1.6313 0
-0.9414 0.7243 0
-0.1782 1.0557 0
1.0999 0.0234 0
-2.1875 -0.6476 0
0.4884 -1.0630 0
0.1033 -0.8810 0
-0.5219 0.4933 0
0.9803 -0.7336 0
-0.6749 1.1105 0
0.1547 1.1088 0
1.4458 0.2793 0
-1.1400 0.1922 0
0.1146 -0.0311 0
-1.6227 -0.8797 0
-0.0242 1.8515 0
-0.2643 -0.2915 0
0.7818 -0.7643 0
-0.0269 0.9719 0
-2.1849 -0.2030 0
-0.2373 -0.3333 0
-2.8746 0.6820 0
1.5662 1.4783 0
0.9263 -0.8926 0
-0.2583 -0.5042 0
-1.6081 1.2595 0
0.3054 -0.8797 0
1.8707 0.3629 0
0.0188 0.5312 0
-2.1953 0.9517 0
-0.0583 -0.0795 0
0.4715 -1.0174 0
0.3597 0.5847 0
-0.3766 0.2704 0
1.9604 0.2242 0
1.5803 -0.6488 0
2.3642 1.8866 0
0.3359 1.8875 0
-0.1616 -1.2447 0
0.7046 -1.5374 0
-0.5999 0.6686 0
1.0446 0.3213 0
0.0125 -1.2846 0
-1.0254 -1.1050 0
1.9411 -1.2391 0
0.3268 0.0650 0
0.8139 -1.9733 0
0.3917 -1.2336 0
0.4920 -1.1682 0
-0.5079 0.5699 0
-0.4342 0.0320 0
0.7331 -1.0384 0
-0.2870 -0.5709 0
0.4243 1.6088 0
-0.3046 0.3968 0
0.0608 0.3229 0
0.3982 -0.4258 0
-0.4377 -2.4860 0
0.4508 -1.0838 0
-0.9933 0.8284 0
-0.1371 -0.6508 0
-0.3575 0.7716 0
0.3318 0.0287 0
1.1208 0.7430 0
0.2685 -0.5217 0
0.6148 -1.1440 0
0.4909 -0.9131 0
0.4957 0.1119 0
0.0194 -0.8808 0
-0.0504 -0.1694 0
0.9164 0.1423 0
-1.0663 0.0836 0
-3.7495 0.4447 0
0.6694 -0.9387 0
0.9149 1.3799 0
-0.2751 0.7415 0
0.1609 0.0250 0
0.4602 2.1114 0
0.9263 0.2840 0
-0.6241 0.8293 0
0.3334 0.0042 0
-1.2369 0.2927 0
0.7478 -1.0297 0
0.7868 1.0757 0
-2.3479 0.8038 0
-0.1224 0.2648 0
0.4143 -0.3978 0
1.6700 -0.2937 0
-0.1682 -0.6803 0
-2.4137 -0.1127 0
0.5932 1.0327 0
-0.4757 1.2743 0
-1.7053 -0.9415 0
-0.0381 -0.6449 0
0.2456 1.3977 0
0.5837 1.8248 0
-0.2950 1.2585 0
0.6872 0.8189 0
0.8304 -0.3456 0
0.2746 0.6309 0
0.3982 -0.5454 0
-0.1085 -1.8259 0
0.5315 -0.1813 0
1.9424 1.1642 0
1.2166 -1.4602 0
-0.7992 0.7201 0
0.7320 1.0805 0
-0.7732 0.5556 0
-0.3276 0.3644 0
-0.4079 1.6377 0
-0.8512 0.6183 0
-1.4367 0.9093 0
2.1976 0.8252 0
-0.2090 -0.8054 0
-1.4854 -0.6548 0
1.1801 -0.1406 0
-0.0094 -0.5244 0
0.1349 -1.4278 0
-1.1547 0.4506 0
0.0444 0.2992 0
-0.3262 -0.1565 0
-0.2958 -0.2354 0
-2.2793 0.8812 0
0.7994 -0.8887 0
-1.7167 1.5945 0
-0.5943 -0.6877 0
0.9470 0.7262 0
0.9224 -1.9413 0
1.2758 -0.6238 0
1.1221 1.4496 0
0.9834 -1.2180 0
0.4593 -0.2751 0
-0.4665 1.9800 0
0.0031 0.0717 0
-0.6212 0.6016 0
0.5601 0.0421 0
0.5009 -0.6581 0
-0.3683 -0.4453 0
-0.0435 -1.7363 0
1.8043 0.1413 0
0.2066 2.0733 0
0.2785 -0.9874 0
1.1641 0.7234 0
-0.3527 -0.0411 0
2.1832 0.6764 0
1.0595 0.1212 0
-0.2062 0.9666 0
3.2745 -2.4787 0
-0.2551 0.4063 0
-0.9746 -0.2207 0
0.0359 0.8225 0
1.4004 -0.8823 0
-1.1919 -1.0542 0
0.6978 -1.3929 0
1.3219 1.1791 0
0.9686 0.5197 0
-1.3568 -0.1348 0
-0.5624 -0.8234 0
0.0641 1.0234 0
1.5116 -1.1770 0
-0.7866 0.4087 0
0.5303 1.7287 0
-1.9067 1.6109 0
0.4620 0.8753 0
0.4891 -0.1711 0
0.4232 1.1907 0
0.6997 0.3582 0
2.5433 -2.0044 0
-1.1489 0.5673 0
0.2694 0.8883 0
1.1879 -1.3810 0
-2.2996 2.1761 0
-0.4243 0.4308 0
1.1144 0.0207 0
0.8802 0.2164 0
0.6871 -0.1269 0
1.3019 -0.5563 0
1.3268 0.2765 0
-1.8195 1.0218 0
1.7528 -0.2195 0
1.3761 -0.3048 0
-0.2958 1.3537 0
0.1786 0.1115 0
0.2442 0.5903 0
-0.2617 -0.2926 0
0.3258 -0.4333 0
-0.8157 -0.3227 0
-0.0828 0.0306 0
-1.6518 2.1487 0
0.0954 0.0637 0
1.1027 0.4809 0
-0.2752 -0.9112 0
0.6116 -1.5573 0
1.4955 0.6828 1
2.5931 0.5357 1
2.1959 1.0921 1
3.1084 -0.5378 1
2.3846 0.6470 1
2.0593 -1.1749 1
1.4512 0.0607 1
3.5877 1.1381 1
2.3010 1.1609 1
1.0144 1.0643 1
1.6160 1.6205 1
1.1237 0.8949 1
2.9106 1.7331 1
1.2804 0.3472 1
0.7611 -0.0061 1
2.1858 0.1223 1
2.4396 0.5831 1
1.1310 -0.3192 1
0.6717 0.7981 1
3.6193 0.8181 1
2.4755 0.6373 1
1.6672 2.6863 1
2.5163 0.8751 1
1.4178 0.1056 1
1.1355 2.5837 1
1.8133 1.4812 1
0.6665 1.6350 1
2.0946 1.3364 1
3.3857 -0.0643 1
0.7955 1.3795 1
1.9672 1.5528 1
1.9427 0.9449 1
3.6624 2.6468 1
-0.2288 0.6431 1
2.0461 3.8322 1
2.2427 0.9690 1
1.5232 0.4447 1
3.8163 0.6331 1
4.0077 1.1047 1
0.9177 0.7789 1
1.8493 1.6327 1
1.7635 2.4180 1
2.0329 2.6962 1
1.3490 3.0955 1
1.2724 1.1777 1
1.6759 0.0809 1
2.9352 -0.3640 1
0.6361 0.6626 1
3.1338 0.0762 1
3.0185 0.3185 1
1.3053 0.7074 1
1.1029 1.1459 1
2.1589 0.0769 1
2.1316 1.6605 1
3.3065 3.3578 1
3.4846 1.7468 1
1.6863 2.0166 1
3.8656 1.5471 1
2.0620 -0.4668 1
0.2571 2.1986 1
1.3560 1.3014 1
3.4688 0.0592 1
1.0466 2.9160 1
3.0653 1.6733 1
3.2318 0.9598 1
2.6753 1.4172 1
3.0481 1.6829 1
4.2957 0.4852 1
0.8198 1.0303 1
-0.0785 1.1517 1
2.0401 0.8352 1
0.1302 1.2251 1
1.6616 1.3121 1
1.4118 2.9677 1
1.0256 0.2334 1
2.4491 0.4297 1
0.8850 1.0035 1
3.0199 1.7765 1
2.9647 1.4296 1
1.0386 3.1726 1
2.8246 0.7636 1
2.8066 0.7874 1
2.5496 1.7040 1
2.5914 0.7249 1
1.9987 0.7406 1
2.6198 1.0520 1
2.4882 0.6593 1
0.8637 2.4987 1
2.9464 0.5899 1
3.6099 1.6357 1
-0.4891 1.3083 1
1.8933 1.4378 1
2.8259 1.5546 1
2.3313 1.3144 1
1.6479 2.0974 1
3.2627 3.0676 1
2.2994 0.4065 1
0.0604 0.3812 1
1.9569 2.4515 1
2.2868 3.1963 1
0.6255 1.0922 1
2.3563 0.3120 1
2.6913 0.9187 1
1.9144 0.8932 1
3.0944 0.5401 1
0.5400 2.4504 1
1.8676 1.7325 1
1.3703 0.6118 1
2.7239 0.8422 1
2.1617 0.1458 1
2.7029 1.1117 1
1.0301 1.9899 1
3.4167 1.8522 1
3.4890 -0.3727 1
2.2818 -0.0662 1
1.9003 1.5369 1
2.1819 0.9234 1
0.9161 0.2485 1
1.2931 0.0080 1
1.6076 0.8318 1
2.8822 -0.1679 1
2.8064 2.5692 1
1.2030 1.5712 1
3.2269 0.6891 1
2.5727 1.3342 1
1.2637 3.3453 1
1.6348 1.1126 1
2.1535 2.0293 1
3.4095 1.1043 1
1.9234 -0.2181 1
3.0117 0.1582 1
1.0497 1.6412 1
1.9343 0.1236 1
0.7195 -1.3075 1
2.0795 1.8243 1
2.2641 -0.3392 1
3.3689 0.3021 1
2.8448 1.5283 1
2.5322 -0.2140 1
1.0768 2.4795 1
2.8249 1.4756 1
0.2755 -0.3238 1
1.9301 0.0364 1
2.2132 1.5956 1
2.1490 1.1517 1
2.3128 1.7516 1
2.3310 -0.9134 1
3.0745 2.1301 1
3.1168 -0.2875 1
0.0602 2.8283 1
3.2456 0.3201 1
1.0869 0.1640 1
1.6916 -0.9641 1
1.0056 0.7902 1
1.6642 1.4770 1
2.2076 -0.9458 1
3.2622 1.3368 1
2.7998 1.7346 1
1.5601 -0.5343 1
2.0916 -0.5356 1
1.8888 2.0674 1
0.5736 3.9283 1
0.5482 1.6671 1
2.1143 1.1481 1
3.2602 0.3154 1
1.4493 -0.6856 1
0.3140 2.8247 1
0.4703 0.3854 1
3.1091 0.3895 1
2.5851 2.1470 1
2.8852 1.3296 1
1.3516 1.3227 1
3.7175 2.5175 1
2.4220 -0.0387 1
-0.1847 2.1518 1
2.2979 1.8368 1
1.8080 2.8549 1
3.2368 0.8488 1
1.4840 2.6075 1
2.9439 1.4037 1
3.2319 1.6159 1
0.6718 0.4084 1
4.9217 -1.1286 1
1.8722 1.3395 1
2.0674 -0.4750 1
1.7382 0.4875 1
2.6366 0.5699 1
1.6030 -1.1047 1
2.6087 -0.0371 1
2.1200 -0.1707 1
1.8351 2.2332 1
1.2997 0.0729 1
1.0058 -0.9450 1
3.9082 1.9003 1
0.4980 0.2030 1
2.0806 1.9421 1
1.8862 -0.1441 1
0.1650 0.2748 1
0.6233 0.7593 1
3.1932 -0.0453 1
