# X1 X2 y
-0.3340 0.9694 0
0.5190 -0.0144 0
1.3257 -2.2433 0
-1.0872 1.0637 0
-1.2488 1.0770 0
-0.6275 -1.2941 0
-1.4820 1.6815 0
-1.7858 -1.0043 0
0.4713 0.5256 0
-1.5346 -0.5197 0
1.0223 0.0037 0
0.5250 -0.5589 0
0.1457 2.4625 0
-1.3778 0.9773 0
0.1161 0.2242 0
0.1472 -1.1071 0
-0.8074 -0.8477 0
-1.3788 0.0641 0
-0.9063 1.3119 0
-1.2165 1.3213 0
0.1624 1.5068 0
-0.1542 0.6533 0
0.4074 -1.1968 0
0.1811 0.1142 0
-1.1406 -0.2144 0
-0.2162 1.7929 0
-0.1883 -1.4019 0
-0.5321 -0.0536 0
-0.4092 -0.6178 0
-0.2196 -1.2233 0
0.5501 -0.4662 0
1.3418 0.2049 0
0.8678 0.0325 0
-1.1684 1.1194 0
-0.8983 1.3520 0
1.2115 -0.0709 0
-0.0884 -0.0841 0
-0.0513 0.4552 0
0.2281 0.5055 0
-0.7180 -1.8141 0
0.0127 -0.3580 0
1.3080 -0.1595 0
-0.9819 0.3011 0
-0.5327 -0.2531 0
-1.5224 0.0871 0
0.4322 1.9258 0
0.3421 0.0740 0
-0.4575 -0.1470 0
-1.1789 1.1777 0
1.2932 -0.6789 0
1.1262 1.4719 1
3.8960 0.3094 1
1.3645 0.3960 1
3.5432 3.8609 1
3.0009 2.5164 1
2.1687 3.0319 1
3.5943 4.2879 1
2.4139 0.8657 1
4.1131 2.6214 1
3.8801 3.6486 1
1.4803 2.8405 1
3.2781 3.6602 1
2.3290 2.1433 1
2.6498 3.1191 1
4.6012 2.2288 1
3.9740 3.4430 1
2.6463 0.9518 1
3.9304 1.0985 1
2.3436 2.7186 1
3.0520 2.1480 1
4.5559 1.1606 1
3.5245 1.6937 1
2.7457 1.6619 1
2.2274 1.2658 1
2.0797 1.7946 1
2.6728 2.2175 1
4.3133 2.5314 1
3.1093 1.5050 1
2.7021 2.8305 1
5.0242 3.3904 1
2.6033 3.4315 1
4.4355 1.5979 1
2.5717 1.2342 1
1.4878 2.2494 1
2.4209 2.8560 1
3.9454 2.3819 1
3.1069 1.3473 1
3.3447 2.1657 1
3.2728 2.0408 1
-0.1069 2.1026 1
4.2336 2.1906 1
1.2951 2.3395 1
2.1739 -0.3547 1
4.2275 2.4498 1
2.2596 2.1160 1
2.1297 1.8657 1
2.0677 2.0216 1
2.0730 2.3482 1
3.9967 2.6332 1
2.3948 2.2924 1
