# X1 X2 y
-1.2680 -0.6711 0
0.9616 1.9454 0
0.8415 1.0920 0
0.2576 -0.1224 0
0.1687 0.7734 0
0.5527 0.4942 0
0.3184 1.2701 0
0.4895 0.7248 0
0.7626 0.0713 0
-1.3500 -0.8498 0
-1.0399 -0.8179 0
0.0145 0.1678 0
-1.3150 -1.3810 0
-0.9398 -0.7156 0
1.1924 0.7932 0
0.2249 0.4135 0
-0.1235 0.0342 0
0.6943 0.9750 0
0.6604 0.9282 0
0.6927 0.1220 0
-1.3870 -0.0255 0
0.3673 0.8077 0
1.1395 1.6006 0
0.3762 -0.0386 0
-1.0199 -0.3643 0
0.1695 1.1691 0
-1.0272 -0.6763 0
0.2103 -0.0427 0
1.0791 1.1869 0
1.4847 0.5772 0
-0.1510 0.1370 0
-0.0881 0.4152 0
1.1411 -0.1118 0
0.8324 0.4768 0
-0.7736 -1.3346 0
-0.0949 0.2889 0
0.0089 0.5019 0
-1.0812 -1.2674 0
0.6255 0.5119 0
-0.2326 -0.7837 0
0.1246 -0.2657 0
-0.3465 -0.6465 0
2.2132 0.8706 0
-0.2038 -0.6017 0
0.4614 0.2229 0
1.1401 1.0945 0
-1.2921 -0.0949 0
1.8970 1.3474 0
-0.4565 0.2003 0
-1.2193 -1.1823 0
-0.7532 -1.2742 0
1.0362 1.2325 0
0.0142 0.0230 0
0.4622 0.2931 0
-1.0992 -0.6350 0
0.3770 1.8086 0
1.8861 1.1664 0
0.8619 0.5707 0
0.8719 1.1444 0
-0.0358 -0.5066 0
0.1644 -1.0119 0
-0.1534 0.0128 0
0.6384 0.8642 0
-0.6840 0.0772 0
-0.9014 -0.0484 0
-0.2778 -0.2193 0
-0.8883 -1.0440 0
-0.1231 -0.6537 0
-1.5766 -0.7099 0
-0.2661 0.0215 0
0.4412 0.7647 0
-0.6536 -0.3130 0
1.1890 0.0794 0
-0.5844 -0.9667 0
-0.1900 -0.6122 0
-1.6653 -1.8175 0
-0.9533 0.0360 0
0.8400 -0.3627 0
-0.7087 -0.3660 0
-1.4133 -1.0641 0
-0.6666 -0.6667 0
-1.3945 -0.7535 0
0.2764 0.2181 0
-1.9262 -2.2457 0
0.0013 -0.2461 0
0.1673 -0.2340 0
-0.2560 0.2839 0
-1.0449 -0.2054 0
-0.1377 -0.5746 0
-1.8131 -1.9402 0
-1.5668 -1.5010 0
-4.2168 -3.4882 0
-0.4898 -0.1686 0
0.5938 -0.1402 0
-0.5932 -1.2483 0
0.8225 0.5057 0
-0.3606 0.5161 0
-1.4926 -1.5474 0
0.5685 -0.9636 0
0.9320 0.1680 0
-1.5353 -2.2475 0
0.5401 0.3797 0
-0.8740 -1.3305 0
-0.3100 0.0309 0
1.6136 2.0289 0
0.3639 0.8691 0
0.1594 0.4798 0
0.6724 0.5753 0
-0.1474 -1.2017 0
1.9777 0.6985 0
-2.2064 -1.5009 0
-1.8553 -1.0628 0
2.4147 1.3712 0
-0.8373 -0.8373 0
-0.5271 -0.5536 0
0.6265 0.4873 0
-1.7608 -2.4736 0
-0.6239 -0.2723 0
-0.0899 0.3250 0
0.1389 -0.3069 0
-0.4195 -0.1544 0
-0.4096 -1.0675 0
0.9553 0.2931 0
-1.0736 -0.7932 0
-0.7050 -0.9438 0
0.3019 -0.1133 0
-0.2404 -0.3584 0
-1.3766 -2.1230 0
-1.8249 -0.7046 0
-0.6268 -1.9623 0
-1.1174 -0.8179 0
1.3259 1.7275 0
-1.0415 -1.3772 0
1.2198 1.7842 0
0.3554 0.2675 0
0.5927 -0.1129 0
0.4894 0.0366 0
1.7848 1.4144 0
-0.0331 -0.2595 0
-0.7256 -1.1579 0
-0.2962 -0.1401 0
-0.1685 -0.3268 0
0.3389 0.1789 0
-0.9443 -1.7278 0
-0.9995 -0.3467 0
0.6021 0.5868 0
-0.0885 -0.3952 0
-0.3686 0.0459 0
1.8560 1.2375 0
-0.5637 -1.1661 0
-1.3271 -0.9100 0
0.2304 1.0774 0
0.3120 -0.0577 0
-1.4611 -0.1197 0
0.1665 1.0246 0
-0.4636 -0.2497 0
-0.1586 0.1059 0
-2.1644 -2.5148 0
-1.2025 -1.3199 0
0.5674 -0.6167 0
0.9671 1.7332 0
0.4062 0.4569 0
0.4818 0.3174 0
1.9383 1.3489 0
0.1080 0.8159 0
0.3763 0.9760 0
-1.4358 -1.2314 0
0.1251 0.7460 0
-0.6110 -0.9398 0
-0.0730 0.1014 0
-0.4728 0.0568 0
0.7726 0.4354 0
0.1967 0.3690 0
0.3593 -0.0440 0
0.3959 0.3910 0
-0.1932 -0.6738 0
0.7426 0.2258 0
1.2059 0.0213 0
0.1670 -0.1798 0
-0.9341 -0.4939 0
0.4762 -0.0945 0
2.0908 1.3272 0
0.8360 -0.4645 0
-1.1039 -0.8596 0
0.7946 0.8033 0
2.2062 1.7137 0
-1.6243 -1.7123 0
-0.3859 -0.5871 0
-2.0096 -2.6429 0
-0.4877 -0.5145 0
-0.4265 -0.6999 0
-0.2153 0.5298 0
-0.0414 0.6643 0
0.4389 0.7568 0
-0.4608 -0.1150 0
0.9244 0.0428 0
-1.4234 -0.7492 0
0.0487 0.1965 0
-2.2942 -1.4077 0
-1.4598 -1.0676 0
6.0145 1.3030 1
3.7675 -0.3202 1
3.9202 0.4046 1
4.6410 1.5948 1
3.6157 0.5631 1
4.5590 0.4596 1
3.9009 0.1221 1
5.0519 2.3801 1
4.9930 1.0629 1
4.2822 1.6102 1
4.1099 2.6415 1
3.9198 0.6308 1
4.0956 1.3591 1
4.9732 1.1033 1
3.6132 0.2519 1
4.5224 0.8162 1
4.9162 0.5562 1
3.7470 0.8276 1
3.8473 1.0954 1
2.5813 -0.1637 1
5.5068 2.5597 1
4.3965 0.7188 1
3.5707 0.7461 1
5.3414 1.2890 1
4.3138 0.9246 1
3.7345 1.5752 1
4.5706 1.2809 1
3.9408 -0.2768 1
4.3683 1.1748 1
4.0723 0.8504 1
4.5680 1.4402 1
2.6971 1.0838 1
6.5183 2.4704 1
3.7743 0.0196 1
4.8173 1.5582 1
3.8934 1.3111 1
5.2042 1.4955 1
2.7079 0.9750 1
4.9583 1.3273 1
3.4659 1.8006 1
3.8422 0.5953 1
2.2441 -0.0575 1
2.9777 0.7417 1
2.1843 -1.5901 1
5.5634 2.8693 1
4.5208 1.6511 1
3.4468 -0.6487 1
3.8141 1.6598 1
3.9751 1.4503 1
5.5735 2.8150 1
4.5489 0.5266 1
4.7112 1.6042 1
3.8832 0.6899 1
4.3459 1.6934 1
5.4259 2.4565 1
5.2456 1.2877 1
4.1723 0.9683 1
4.0034 1.2313 1
3.1218 0.2759 1
3.1896 0.2305 1
6.4191 3.9180 1
4.7049 1.4574 1
3.8025 -0.3361 1
4.0574 2.6997 1
3.8288 -0.7591 1
2.5608 0.2680 1
3.6736 1.4885 1
5.4716 2.0479 1
2.4669 0.3920 1
5.4796 2.5970 1
3.4092 0.0180 1
3.9686 0.0994 1
2.4882 -0.8290 1
3.3054 1.8696 1
3.7227 1.2379 1
2.9343 0.4035 1
4.7496 1.9101 1
4.8687 1.4883 1
4.5392 1.3059 1
3.8944 0.8259 1
5.3705 2.7252 1
4.1449 0.7896 1
2.5353 -0.7886 1
2.5792 0.2605 1
4.0498 0.8660 1
3.4347 0.9056 1
5.0909 1.6522 1
6.7664 3.7683 1
3.2513 0.5787 1
3.7984 0.5976 1
4.6072 2.1844 1
1.9474 -0.7834 1
4.2535 0.7524 1
3.2386 0.2909 1
3.5170 0.2798 1
4.4137 0.5033 1
3.8579 0.9878 1
4.0435 0.9367 1
5.3058 3.0931 1
3.0586 1.3886 1
5.3628 0.8804 1
5.6454 2.9951 1
4.7325 1.9021 1
4.4154 1.2764 1
2.1986 -0.5990 1
1.9833 -1.2339 1
4.6327 1.9264 1
3.4033 -0.2015 1
4.7816 1.4967 1
3.3241 0.9244 1
2.3759 -0.3402 1
4.1140 1.5611 1
3.6927 0.8457 1
4.0426 0.5834 1
3.4281 0.4387 1
4.4157 0.6866 1
3.1592 0.9152 1
3.7578 0.1024 1
3.5848 1.5084 1
2.8925 0.4574 1
3.2480 0.4196 1
3.8772 1.9083 1
3.2790 1.7120 1
2.9271 0.1881 1
2.6369 1.0809 1
2.8358 0.4549 1
4.8272 2.2013 1
5.1206 1.8322 1
2.6657 -0.3808 1
4.0284 1.4795 1
5.7086 3.2668 1
5.5596 1.8557 1
3.8642 0.8716 1
3.8220 -0.3073 1
4.6800 2.5685 1
4.8168 1.7221 1
4.9350 1.4758 1
3.2518 1.1358 1
5.3856 1.6199 1
3.3884 1.8640 1
4.7528 1.9309 1
2.7295 -0.0306 1
2.9634 1.0469 1
3.3727 0.4590 1
3.6472 -0.5731 1
3.3961 1.5562 1
5.0198 1.6035 1
4.9301 1.0088 1
3.6369 0.7777 1
3.3534 0.7667 1
3.8820 1.7746 1
4.3677 1.0204 1
3.2160 -0.0894 1
4.0876 1.2028 1
2.6712 -0.2676 1
1.8302 -1.4674 1
5.0700 1.9099 1
3.5226 0.1966 1
4.9773 3.1934 1
6.7869 3.7226 1
4.0495 0.9065 1
5.3311 2.2559 1
4.2926 2.0762 1
6.2018 3.6928 1
4.8436 1.8313 1
2.3526 -0.0579 1
4.9722 3.0990 1
2.5798 -1.1456 1
3.2337 0.3471 1
1.3789 -1.4438 1
4.8735 1.4895 1
3.4440 0.3319 1
5.6270 1.7908 1
2.1930 -0.5445 1
4.1492 1.4819 1
3.8764 0.4054 1
4.3334 0.1628 1
3.6838 0.1108 1
3.4765 0.2688 1
4.7555 1.1717 1
5.8399 3.8745 1
3.2277 1.2834 1
4.3577 0.4820 1
3.0637 0.0183 1
4.9152 1.6438 1
1.3445 -0.6212 1
5.2128 2.0870 1
5.4546 2.0800 1
4.3777 0.5348 1
2.4888 -0.7515 1
3.5433 -0.1461 1
3.7419 1.5601 1
4.9190 1.6250 1
3.7569 0.0865 1
3.9209 1.7614 1
4.1456 1.0821 1
2.2260 -0.4627 1
4.0562 0.5251 1
3.5979 0.0244 1
1.9794 0.1261 1
