# X1 X2 y
0.2969 -0.2426 0
0.3879 0.1084 0
-0.2686 -0.6591 0
-0.1933 1.1106 0
0.2627 -0.1152 0
-0.0797 -0.6947 0
-0.1926 1.1076 0
-0.0429 1.6920 0
1.4637 -1.0594 0
0.4437 0.9217 0
-0.9342 1.9984 0
0.8048 -1.2775 0
0.3596 0.1609 0
0.9589 0.0736 0
-0.3148 -1.1259 0
1.2661 0.9732 0
-0.0965 -0.7015 0
1.3908 0.2633 0
1.3351 -0.3226 0
-0.4181 0.1255 0
0.6195 1.1212 0
0.2688 -1.5923 0
-0.5578 0.1298 0
0.5206 0.5316 0
-0.5644 -1.6468 0
2.4655 0.1152 0
0.3382 0.9633 0
0.7513 1.4063 0
1.3230 -1.2690 0
0.3364 0.7172 0
0.1646 0.6135 0
0.3346 -0.3652 0
-0.7603 -0.5637 0
-1.8483 0.2333 0
0.9854 1.4522 0
0.9628 0.5378 0
-0.6726 -0.6864 0
-0.4911 0.3792 0
0.5960 0.6804 0
0.6645 0.7743 0
-3.4428 0.7809 0
-0.8888 1.0188 0
1.1535 0.1792 0
-0.3889 -0.8527 0
1.2008 0.9088 0
-1.0000 -0.1763 0
-0.5564 -0.9331 0
-1.1694 0.0902 0
-1.6743 1.1825 0
1.8201 1.5840 0
-0.9976 0.5687 0
-2.2404 0.2253 0
0.3605 -0.3142 0
0.5310 2.9108 0
-0.1852 0.5571 0
-0.8472 0.6239 0
-0.2147 -0.9888 0
-0.5699 0.0378 0
-0.5570 0.3123 0
0.9743 -0.6422 0
-0.8162 1.0023 0
-0.8526 1.2220 0
-0.4692 1.1511 0
-0.3258 -0.8471 0
-0.8098 -1.2038 0
-0.3861 -1.0879 0
-2.3703 1.2191 0
-0.0251 -0.4849 0
0.6723 0.1696 0
-0.4446 0.8603 0
0.4493 0.6797 0
0.0420 -0.5575 0
-0.3798 0.3889 0
1.0954 0.4441 0
2.5551 0.3106 0
1.0416 0.1589 0
-2.0511 0.2272 0
-0.4767 -0.5157 0
-0.0602 0.1399 0
-0.0431 -1.0478 0
-0.4735 1.3287 0
-1.3613 0.3873 0
-0.1012 2.3192 0
0.0979 0.1141 0
-0.7942 -0.1764 0
-1.9279 -1.6070 0
0.0432 0.7217 0
-0.4378 0.4177 0
-1.8767 0.6613 0
0.5007 -0.6950 0
-1.2548 0.1543 0
0.3373 -0.6546 0
0.4839 -0.1663 0
-0.5298 1.5168 0
0.8466 0.5027 0
0.6283 0.7595 0
1.4915 -0.8410 0
-0.0475 -1.4949 0
-0.2756 -0.2394 0
0.5022 -1.0549 0
-0.5101 0.9845 0
1.5551 1.8485 0
-0.6523 0.7021 0
-0.0076 0.2243 0
0.3697 -0.6637 0
0.1188 0.0745 0
0.3969 -0.4301 0
-0.0228 -0.2906 0
1.3611 0.9637 0
0.8798 0.4399 0
1.0851 0.9901 0
-0.8177 -0.5805 0
-1.1040 -0.0257 0
0.4105 -2.3093 0
0.4702 1.2894 0
1.4912 -0.3166 0
2.1876 0.5216 0
-0.4164 0.2207 0
0.1598 0.2378 0
-0.0738 -0.5608 0
-0.5235 -0.8056 0
0.2367 -0.0767 0
-0.0419 -0.0813 0
0.9287 -0.9126 0
0.8699 0.0469 0
-0.3183 -0.0339 0
-0.7688 1.0093 0
-0.2476 0.0975 0
0.0923 -0.2304 0
0.8745 -0.9094 0
0.8690 -0.2487 0
-0.9718 -0.6799 0
-0.3331 -2.2048 0
0.4535 1.0128 0
0.0541 -0.1331 0
-1.2315 -2.1497 0
1.0864 1.6191 0
2.2179 -0.5043 0
-1.3261 1.5178 0
0.1579 0.1807 0
0.6120 0.3296 0
-1.0692 -0.4490 0
2.2087 -2.3131 0
0.7158 0.6305 0
-1.4370 -0.3761 0
-0.4599 0.9701 0
0.6677 1.0921 0
-0.3788 -1.3593 0
-1.0204 -1.0546 0
0.2825 0.4389 0
0.9824 -0.8063 0
0.4856 2.1586 0
-0.0627 -0.1790 0
-0.4383 -1.5181 0
0.3717 0.1355 0
0.1823 1.0713 0
-0.1697 -0.9130 0
0.4506 0.3810 0
-0.2859 -1.1866 0
0.1106 -1.2031 0
-0.8351 -0.0793 0
-0.3784 0.9060 0
2.5627 0.1257 0
-1.5834 -1.0819 0
0.4052 0.4491 0
1.0881 0.4654 0
-0.8283 -0.4936 0
0.4273 -1.2619 0
0.5852 0.0254 0
-0.5127 -0.8586 0
0.3966 0.5584 0
0.0987 -0.7908 0
-0.2988 0.9257 0
-0.3028 0.8254 0
0.7096 -2.0657 0
-0.6209 1.5320 0
1.4658 -0.9685 0
-0.4473 -0.0614 0
-1.5006 -0.9253 0
-0.6982 0.6076 0
-0.8358 -0.2497 0
1.6494 0.1762 0
0.3619 -0.5627 0
0.9085 -0.0866 0
-0.4086 -0.1633 0
-0.0195 0.4658 0
1.2092 0.4501 0
-0.5706 -0.0616 0
-1.0310 -1.1274 0
1.9033 -0.2577 0
0.5133 -0.5669 0
1.1073 -0.7251 0
0.5756 0.9692 0
-1.0157 -1.2231 0
0.8038 1.6948 0
-0.8926 -0.5913 0
-0.7917 -2.0284 0
0.9027 0.1140 0
0.1600 0.6621 0
0.0328 -0.7837 0
-0.3875 0.2336 0
1.4600 0.7577 0
0.8853 0.3929 0
0.5994 -0.9453 0
0.1675 1.5342 0
1.0945 -0.3344 0
-0.1881 -1.4517 0
-0.6790 1.0667 0
-3.4588 0.3016 0
-1.0350 -1.5746 0
0.1315 -0.1833 0
-0.6716 0.8532 0
-1.6838 -0.6666 0
0.1547 -0.6777 0
0.2679 0.8695 0
-0.0799 0.0208 0
-0.8961 0.0774 0
0.9787 -0.2749 0
1.7535 -1.0141 0
0.1640 0.4000 0
0.9153 -1.0731 0
-1.3906 -1.0788 0
0.2798 0.0304 0
-0.6641 -0.3201 0
0.5902 0.6125 0
0.1919 0.4056 0
0.1354 0.4485 0
0.0296 0.4099 0
-0.7471 -0.7023 0
0.3215 -0.2477 0
-0.2028 -0.7944 0
-0.3886 -0.7228 0
2.1548 1.4848 0
-1.2444 -0.0029 0
-0.8061 0.4799 0
0.6964 -0.0814 0
1.0666 0.6401 0
-0.1631 -1.7437 0
0.6240 0.5822 0
0.0148 0.9920 0
-1.1445 0.0388 0
-1.5925 1.8529 0
0.0874 1.0016 0
0.4043 -1.2674 0
0.4369 -0.0877 0
0.3874 1.6184 0
0.5090 -0.6241 0
1.4874 -0.3066 0
-0.4690 0.4623 0
1.6461 0.6732 0
-1.2566 0.0834 0
-1.1992 -0.0912 0
-1.0789 -0.4091 0
-0.2730 1.2134 0
0.0386 -0.0398 0
1.0998 -0.4946 0
1.4797 0.2891 0
0.2804 0.0324 0
1.0570 -0.1023 0
0.3524 -1.8351 0
-0.8479 0.6603 0
0.2392 -0.2132 0
-0.3729 1.1700 0
-0.6159 -0.4382 0
-0.8304 1.1346 0
-0.3330 1.1616 0
0.7122 0.8656 0
-1.2116 -0.2071 0
0.1004 1.0130 0
-0.2985 -0.7975 0
-0.2204 0.8649 0
0.9023 1.3389 0
-0.8417 0.2810 0
0.7003 1.0876 0
-0.2907 1.2126 0
1.0189 -0.7054 0
0.4008 -2.2670 0
-0.0144 0.1229 0
-0.1844 1.6269 0
-1.2812 0.2965 0
-1.2541 1.7706 0
-0.1940 0.6912 0
-0.5596 0.3221 0
0.5250 0.5353 0
-0.2200 -0.2068 0
-0.3216 0.9812 0
0.3811 -0.2611 0
-0.7321 -0.1782 0
1.8025 1.3981 0
-1.9226 -0.9093 0
-0.6371 -1.0612 0
0.9677 1.3280 0
1.1354 0.9660 0
-0.0258 -0.0511 0
-0.3299 1.6718 0
1.9047 0.6435 0
0.0263 0.7923 0
0.9138 0.4737 0
-0.0349 -1.0432 0
1.3102 -0.4736 0
-3.2330 -1.4620 1
1.7834 0.5651 1
1.2280 1.1903 1
2.0844 1.2275 1
-0.7993 -0.8399 1
1.2050 -0.3288 1
-0.9134 0.3675 1
-2.3236 -2.4015 1
-4.5528 -2.1677 1
0.6867 -3.7169 1
-1.9161 -3.3018 1
1.9652 -0.5490 1
1.9741 -4.3156 1
-1.1320 4.7589 1
0.7795 -1.0182 1
-1.1084 1.5333 1
0.9394 -1.0752 1
-1.6476 3.1685 1
-0.1206 -3.8908 1
3.3220 0.7283 1
-1.7333 2.9266 1
2.1138 0.4684 1
2.8791 4.8724 1
-2.8255 2.0181 1
-2.0853 0.6598 1
-2.6968 0.1934 1
-0.3797 -2.2363 1
-2.3078 -1.9506 1
-1.3342 1.2169 1
4.4087 0.6530 1
4.2488 0.3422 1
-0.7986 -2.2966 1
-0.1792 -2.5433 1
-1.5678 3.7808 1
1.0520 3.4717 1
0.7919 -0.8020 1
-0.2975 0.0013 1
2.9335 -0.1491 1
-1.6003 1.4505 1
3.5075 -0.4486 1
0.3645 1.9458 1
2.2843 2.0303 1
1.3316 -1.1468 1
0.7490 -2.8575 1
-1.5581 -1.0671 1
4.2655 3.5824 1
0.3254 0.2235 1
-2.8273 -0.6548 1
-0.6220 -6.4801 1
0.4000 -1.0542 1
1.8441 -2.9328 1
1.8932 -2.6308 1
3.7261 2.0646 1
3.8672 -1.0058 1
1.3356 5.6190 1
-0.9001 -0.8043 1
-0.2226 4.5551 1
0.2389 1.9518 1
-0.7293 -5.0903 1
-0.7303 2.5334 1
2.6092 -1.0720 1
-0.3954 3.7983 1
1.6272 0.5535 1
3.4261 1.6917 1
-1.0751 -1.5032 1
0.4628 4.9328 1
-2.0048 -0.6133 1
-0.6851 2.0554 1
-1.3807 -2.2323 1
0.8644 3.2631 1
-0.3765 -1.9673 1
0.2397 6.7463 1
-1.8708 3.5411 1
-0.9060 2.3863 1
-4.1462 0.4970 1
4.1998 4.1272 1
1.5562 0.7228 1
1.7623 -2.5409 1
2.7434 -2.8133 1
-1.1913 4.4753 1
-2.2178 2.6588 1
-1.8207 3.4342 1
-0.4843 1.5605 1
-2.9780 -5.8175 1
2.4265 0.7832 1
-1.0917 -1.6588 1
-2.5627 1.4524 1
-2.9963 -4.0145 1
-3.0488 1.6427 1
-3.9316 -2.5201 1
-0.8357 6.2174 1
0.9498 -0.8320 1
4.4700 4.8990 1
1.5359 0.2908 1
-1.0873 0.5820 1
-1.1922 -2.1475 1
-1.2110 0.9748 1
-0.2203 1.5131 1
0.4351 -3.1573 1
-0.6176 3.0089 1
