# X1 X2 X3 y
-0.3848 -1.1125 0
0.1964 0.4025 0
0.3966 1.1787 0
0.7535 1.1446 0
-0.1590 0.1394 0
0.8901 1.7296 0
-0.8704 0.4737 0
0.3678 -1.1470 0
-0.6423 -0.5366 0
-0.4618 0.7127 0
-0.1501 -0.9839 0
1.9136 1.7917 0
-1.6374 1.3079 0
2.0604 -0.3966 0
-0.0334 0.1575 0
-0.6726 -1.2296 0
-0.4295 -0.2018 0
-0.1479 -0.0525 0
-0.3505 -0.5960 0
-1.4731 0.8538 0
0.8017 -0.6166 0
0.8685 -0.1988 0
-0.2751 0.3879 0
-0.3488 0.1723 0
0.4530 -0.0406 0
-0.0731 -0.7110 0
-0.6750 1.6349 0
-1.2266 -0.2578 0
-0.1373 0.3767 0
0.8726 1.5612 0
0.6865 -0.8224 0
0.0618 -0.1807 0
1.4295 0.8307 0
0.6896 -1.8778 0
0.7456 -0.0165 0
-0.1799 -1.1404 0
-3.3221 0.2481 0
0.3284 -1.2354 0
-1.1833 0.7357 0
2.4038 0.5736 0
0.1176 -0.7187 0
-2.6163 -0.5688 0
0.8788 -2.7335 0
1.7093 -1.5131 0
1.4964 1.5210 0
0.6682 -1.5089 0
0.5101 -0.0229 0
-0.0972 -0.4217 0
-1.3296 0.2785 0
-0.7319 1.6374 0
-1.5909 0.6189 0
1.6338 0.5328 0
-1.3640 -0.3559 0
0.2837 0.9031 0
-0.0403 0.3094 0
-0.2372 -0.3234 0
0.1679 0.0651 0
0.8557 1.0839 0
0.4517 -0.9750 0
0.7619 0.2768 0
-0.2757 -0.1093 0
-0.1681 -0.8228 0
-0.3069 0.5318 0
0.1404 -0.8055 0
-0.9525 -0.9145 0
-0.6527 0.3535 0
-1.1526 -1.5442 0
-0.1200 -0.3367 0
-0.7850 -0.3408 0
-1.5577 -0.3264 0
0.2530 0.8313 0
1.0472 -1.0049 0
-0.0827 -0.0755 0
-0.2838 0.5939 0
-0.4744 -1.2329 0
-1.0707 0.3730 0
0.2026 1.2592 0
0.2022 -1.4940 0
-1.3483 -1.7817 0
-0.1382 1.5509 0
-0.4456 0.3231 0
-0.8292 -0.1121 0
-0.4659 -0.3822 0
0.3923 1.0784 0
-0.1812 1.8651 0
1.7264 -0.4614 0
-0.1858 0.6027 0
-1.0537 0.4910 0
-1.4884 -0.2276 0
0.3888 1.9853 0
-0.1855 0.2976 0
-0.7207 0.7639 0
-1.1454 -0.2950 0
1.0662 0.9308 0
-0.2285 -1.2627 0
0.8141 -1.8027 0
0.6386 -0.2282 0
1.1281 2.5806 0
-1.2605 0.0083 0
-0.4512 0.4403 0
-1.2117 -1.7945 0
-0.3290 0.3986 0
-1.5154 0.7429 0
0.9056 -0.6849 0
-0.5441 -1.8205 0
1.8755 0.7723 0
0.3799 -0.0369 0
-1.7747 -0.8187 0
0.4751 0.6711 0
0.4665 1.2255 0
0.5587 0.2685 0
-1.3854 0.8285 0
-1.1744 -0.1925 0
-0.0801 1.5704 0
0.9246 0.7712 0
-1.9588 -1.7648 0
0.8749 -1.1695 0
0.5632 -0.8061 0
0.8744 -0.8715 0
-0.2492 -1.1618 0
-0.4815 -0.4023 0
0.3362 1.5807 0
-0.1514 2.2834 0
0.3510 -0.5860 0
-0.3244 0.6346 0
-0.2659 -0.7725 0
0.9924 0.6108 0
0.5032 1.1389 0
1.5839 0.8734 0
0.8419 0.6999 0
-0.2949 -1.6121 0
-1.1201 -1.9905 0
0.1802 -1.2253 0
1.1927 1.6207 0
-0.7425 -0.4423 0
-0.7498 -1.3296 0
1.7173 0.2896 0
1.0233 0.0456 0
-0.5634 0.2523 0
-1.4855 -0.8412 0
1.0163 1.6074 0
-0.9951 2.5307 0
-1.0535 -0.8500 0
-1.2055 0.8499 0
0.8997 -0.5574 0
0.4352 2.0465 0
0.5261 -0.6581 0
-0.0899 0.5829 0
0.2884 1.5723 0
0.4475 -1.5594 0
0.5707 0.5241 0
-0.1787 -0.9319 0
0.2538 -1.2699 0
0.2661 -2.1062 0
-0.1105 0.6665 0
0.9926 0.2237 0
0.7527 -1.9531 0
2.0811 -0.8303 0
-0.1731 0.4704 0
2.4687 -1.5550 0
1.5320 -0.9431 0
0.0269 -0.1443 0
1.3061 1.3162 0
-1.2029 1.3040 0
-0.8594 -0.2719 0
-0.6105 -0.8044 0
-1.1785 -0.8401 0
0.0699 0.9608 0
-2.0697 -1.3626 0
0.5383 0.3504 0
-0.9438 -1.2149 0
-1.9941 -0.5636 0
0.7372 -1.0974 0
-0.6089 -0.6722 0
-1.5066 -0.2270 0
-0.4059 -0.6585 0
1.6475 0.4013 0
0.5008 0.6437 0
0.5702 -0.1368 0
0.3988 1.0746 0
-0.2961 0.1750 0
-0.3197 2.7797 0
-3.2357 -0.4710 0
-0.4472 0.1809 0
-0.7973 -0.7545 0
1.1070 0.2636 0
-0.8413 -0.5759 0
0.0692 -0.9534 0
-0.6911 -0.5383 0
0.0101 0.9896 0
0.6405 1.5046 0
0.2999 -0.4803 0
-1.7652 0.8476 0
0.6056 1.2261 0
0.3183 -0.4111 0
1.1568 -0.8926 0
-1.0123 -0.2128 0
0.0375 0.7885 0
0.2531 -0.7712 0
0.1124 0.0341 0
4.6048 -0.5810 1
2.4136 -0.5210 1
3.1819 -0.6433 1
5.8938 0.3768 1
4.5237 0.2674 1
4.4986 1.0420 1
2.9704 -0.8473 1
4.1399 -0.0586 1
3.3223 -0.9528 1
4.2539 -0.6134 1
1.8765 -1.8714 1
2.3672 -1.0501 1
6.3452 1.7200 1
4.6319 0.0299 1
5.6966 0.8774 1
5.1291 1.1241 1
4.8235 2.2871 1
5.1202 -0.6954 1
4.3394 0.9764 1
3.3911 -0.9721 1
4.8237 1.9475 1
3.8773 -0.3037 1
4.4122 2.0291 1
5.5979 0.2816 1
5.2481 0.1588 1
4.5929 0.8613 1
4.2505 0.0841 1
4.7459 1.0171 1
4.9680 1.1117 1
4.3038 -0.0682 1
3.1074 0.3163 1
2.8364 -1.8932 1
5.5841 2.4612 1
3.1163 0.1286 1
4.3436 1.6568 1
4.1739 -1.2822 1
3.0987 -0.6721 1
4.2913 1.4343 1
4.9621 0.8223 1
3.5395 -1.0296 1
4.4181 0.6091 1
4.3577 -0.6735 1
3.4639 -0.3244 1
4.0243 -0.1668 1
5.3598 0.5869 1
4.5174 0.1156 1
4.0017 -1.6371 1
3.0910 0.2934 1
3.1947 -0.1833 1
2.5254 0.1936 1
3.6077 -1.0580 1
3.3792 -0.6346 1
5.3179 0.1091 1
3.6159 -1.1221 1
6.1392 1.5492 1
5.5046 0.7419 1
3.8929 -0.1802 1
3.9912 -0.0165 1
3.7363 0.2316 1
4.6509 -1.2393 1
5.1241 0.0810 1
4.6519 0.3047 1
3.3269 -0.4335 1
3.1783 -0.9986 1
5.1476 1.1327 1
4.6825 -0.9564 1
3.5864 -0.4604 1
3.8523 -1.0948 1
2.8150 -1.0945 1
4.5557 0.0583 1
4.7666 0.5253 1
5.3936 1.7015 1
6.2478 1.6033 1
3.2610 -0.0391 1
5.5623 1.4440 1
3.2193 -1.0894 1
3.9713 -0.0370 1
2.7384 -0.3677 1
3.7085 -0.9761 1
3.4625 0.0681 1
3.6059 0.6116 1
6.0609 2.3636 1
4.9227 0.6866 1
5.0076 0.6504 1
3.3274 -0.6563 1
5.2841 -0.2724 1
4.1369 1.3238 1
4.4091 -0.2644 1
3.9583 0.0153 1
2.3163 -0.2978 1
4.7366 0.1747 1
4.6887 1.1793 1
3.3908 0.6436 1
3.9761 -0.0028 1
3.5052 0.2749 1
3.8163 0.2277 1
3.2352 -2.2214 1
3.2098 -0.4550 1
2.4302 -0.7646 1
3.3063 -0.8990 1
3.9353 -1.4359 1
3.1766 -0.9301 1
3.4022 -0.4367 1
4.3160 1.5369 1
3.2342 -0.2292 1
5.9171 2.2720 1
3.7123 -0.5163 1
3.8052 -0.3079 1
3.2904 -1.6007 1
2.1497 -2.9481 1
1.5198 0.2106 1
4.9993 0.5583 1
2.9123 -0.6276 1
3.4704 -1.0630 1
2.9538 -1.8490 1
3.7620 0.1723 1
4.5698 -1.3275 1
3.4689 0.5504 1
5.1751 1.1111 1
3.8709 -1.0647 1
6.0205 1.1242 1
2.3445 0.5843 1
5.7628 1.0566 1
3.5364 0.8137 1
5.3435 1.7245 1
5.0369 1.8328 1
5.9797 0.8283 1
4.6320 0.6384 1
5.6021 0.4259 1
4.5361 1.4870 1
2.9957 -0.6824 1
4.3299 0.9613 1
3.3233 -1.6307 1
2.9069 0.0176 1
3.3136 1.0134 1
4.1779 0.0600 1
5.8477 1.2439 1
4.6958 0.8049 1
4.3012 -0.3127 1
2.0120 -2.4257 1
3.5986 0.8173 1
2.5791 -1.5049 1
4.7087 0.2590 1
3.9697 -0.3845 1
4.4454 0.3676 1
2.9217 -0.2624 1
4.1931 -0.3012 1
5.2777 1.0335 1
3.5652 0.6818 1
3.9235 2.4317 1
4.6782 0.7869 1
4.6062 -0.6579 1
3.7253 -0.7750 1
2.2745 -0.2713 1
5.0863 0.3482 1
4.6634 0.8478 1
4.5597 1.5256 1
5.0923 2.1922 1
4.3228 -0.9172 1
5.9296 1.7907 1
2.6294 -1.9832 1
4.0966 -1.2107 1
5.2315 1.3154 1
3.5775 -1.7694 1
3.3522 -2.4680 1
3.2282 -0.6615 1
3.8553 0.0122 1
5.4221 2.9475 1
4.5791 1.8359 1
6.8279 1.1054 1
4.2878 0.4955 1
3.8958 0.9999 1
3.8053 -0.0633 1
4.7728 1.0818 1
4.8264 1.0864 1
3.8850 0.2889 1
3.3239 -0.4444 1
4.3035 0.6784 1
4.1734 -1.8882 1
3.4965 0.4422 1
3.8263 -0.4194 1
4.1183 1.6403 1
3.4437 -1.6983 1
3.8895 -0.9510 1
3.3195 0.2491 1
4.8411 0.1967 1
3.7541 -0.0691 1
4.0110 -0.3903 1
4.5720 -2.7170 1
5.2186 0.2824 1
4.1037 -0.6552 1
5.4385 1.0050 1
4.7119 1.1406 1
3.7423 0.4872 1
3.1281 -1.1865 1
3.4934 -0.3672 1
3.1049 -1.1229 1
3.9748 -0.0164 1
3.7142 0.2709 1
3.7158 0.1487 1
1.5438 5.3405 2
1.8978 4.7654 2
-0.0417 4.4409 2
-0.7574 3.3558 2
0.2480 3.2311 2
-0.4409 4.5900 2
1.5189 3.2805 2
0.9974 5.1064 2
-0.8882 4.8860 2
0.5685 5.1547 2
-1.4168 2.3910 2
-0.7301 4.8554 2
0.1614 3.7473 2
2.5878 5.8490 2
-1.2323 2.4825 2
-1.3949 3.4105 2
-1.6348 2.2777 2
0.2074 4.2145 2
0.7448 5.3163 2
0.4231 4.5506 2
0.6144 4.8624 2
0.6801 4.3590 2
-1.8287 2.9877 2
0.0010 3.1772 2
1.7032 5.0285 2
2.4322 5.2656 2
-1.3176 3.9309 2
-0.2821 2.9547 2
0.8568 4.9792 2
0.1322 4.0093 2
-1.7437 1.9658 2
0.3475 4.4917 2
0.8471 4.1138 2
-0.1644 4.4143 2
-0.2676 3.2546 2
-2.2767 2.8484 2
0.5809 4.3251 2
-0.4989 4.0583 2
-0.4709 3.7046 2
0.4029 3.7625 2
-1.0047 3.3211 2
-0.9472 3.6137 2
1.1269 5.0538 2
0.0320 3.2781 2
-1.0273 3.3858 2
1.8325 5.0519 2
-1.1683 3.3470 2
1.1575 3.8391 2
-0.7944 4.0233 2
-0.5076 3.5378 2
-1.3175 2.9024 2
-0.5888 3.2641 2
-0.4609 3.9880 2
-1.0042 3.6523 2
-0.6093 3.5287 2
-0.8916 3.9216 2
-0.3238 3.6595 2
0.0306 2.8734 2
0.4540 3.8960 2
-1.7230 2.9621 2
-0.3518 4.2904 2
-0.2656 3.5271 2
-0.2826 3.2891 2
-2.1482 2.6450 2
2.1848 4.7567 2
-1.0326 3.8850 2
-0.5148 3.0647 2
-0.4527 2.6450 2
-0.7166 4.3967 2
-0.7567 4.1864 2
0.7622 5.2129 2
1.5704 6.2372 2
-0.2824 4.4628 2
-0.4509 3.6040 2
1.0868 4.5992 2
0.3820 5.6396 2
0.0345 5.0142 2
1.2788 4.8235 2
0.7853 4.9463 2
-0.0053 4.4754 2
-0.8164 2.5423 2
-0.5293 3.6583 2
-0.8116 2.8561 2
-0.1958 2.9053 2
-0.3947 4.2089 2
0.0329 4.1840 2
-0.9258 2.9177 2
-0.3116 2.9511 2
-2.4368 2.0985 2
-1.9070 3.9259 2
-0.8271 3.8001 2
-0.6051 3.3001 2
1.0884 4.8084 2
-0.6614 3.0896 2
0.2891 4.2905 2
-0.8212 3.9936 2
-0.8743 2.3967 2
-0.4328 3.8838 2
0.8243 4.3612 2
1.8976 5.8225 2
0.8883 5.1356 2
-1.5476 3.2539 2
1.5324 5.1885 2
-0.1533 3.1054 2
0.1021 4.4186 2
1.2963 5.4573 2
-2.8001 1.6554 2
2.8193 6.1457 2
-0.8988 3.2457 2
-0.9550 2.3323 2
-0.9098 3.0898 2
1.9655 4.8992 2
-0.8448 2.9702 2
0.9654 5.3610 2
0.3379 4.3341 2
-1.2441 3.2571 2
0.5602 6.2042 2
-0.6571 3.6215 2
1.3982 4.6780 2
-1.2813 3.2761 2
1.2072 5.3725 2
-0.3996 4.6563 2
-0.0050 3.8011 2
0.7196 4.4141 2
-0.4581 4.0293 2
1.5835 5.6338 2
1.9300 5.7843 2
-0.0051 5.0567 2
-0.8053 3.8420 2
0.7945 5.1421 2
1.1778 4.7229 2
0.3681 3.7820 2
-2.9016 1.7222 2
-0.3168 4.3458 2
1.4429 5.7414 2
-0.8770 3.5563 2
-0.6916 3.7688 2
-0.5678 2.7794 2
0.4221 4.5512 2
0.0346 3.7661 2
-0.2432 3.7976 2
1.2734 4.4485 2
0.0448 3.6782 2
-1.7227 2.4333 2
-0.5754 4.4479 2
2.1458 5.3209 2
-0.0973 5.0493 2
1.0562 4.9024 2
1.7605 5.1978 2
-1.7042 2.0433 2
-1.2282 3.2407 2
0.5748 4.1789 2
1.2649 5.1739 2
-2.7489 1.5376 2
-1.1418 2.9075 2
0.6152 4.9337 2
0.9397 4.2130 2
-0.6269 2.7886 2
-1.4318 3.1330 2
0.3637 3.9564 2
0.4522 4.1888 2
1.7019 6.0543 2
-2.2894 2.5015 2
-1.3058 2.9892 2
2.2396 5.7300 2
-1.1606 2.8420 2
0.4038 4.8238 2
-1.7595 2.7338 2
0.5224 4.6266 2
-0.0013 2.9377 2
-0.1762 3.5234 2
1.7043 5.2024 2
1.0935 5.1627 2
0.5159 4.5639 2
1.4756 5.6444 2
1.5401 4.7797 2
-0.3884 3.9296 2
-0.9414 2.9209 2
0.4459 4.0990 2
0.5367 5.2331 2
-0.0715 3.8242 2
-1.1350 2.4633 2
0.7859 4.5199 2
-0.0238 5.5543 2
2.9258 6.6645 2
1.8368 5.2520 2
0.0038 4.5918 2
-0.4058 3.6830 2
-1.6059 3.4444 2
-0.6105 3.5785 2
-0.9094 3.4973 2
-1.8944 2.4925 2
-0.6925 3.6017 2
-0.3603 3.3969 2
1.4681 5.0870 2
1.6060 5.9882 2
0.3730 3.7137 2
-0.8832 2.8332 2
-0.2289 3.2764 2
-0.2717 4.0128 2
