# X1 X2 y
1.2232 -0.8887 0
1.8293 0.5250 0
-0.6920 1.2565 0
0.1913 2.4835 0
1.4046 0.8355 0
1.4233 2.7142 0
-0.3107 0.5301 0
-1.0089 2.1280 0
-0.5926 2.8559 0
1.1774 0.0333 0
-0.3206 1.1154 0
1.1440 1.5529 0
-1.0399 1.9232 0
0.4732 2.5812 0
2.1531 0.1881 0
-1.5902 1.0139 0
-1.2376 1.3207 0
0.5593 2.3794 0
0.9415 -1.1878 0
0.4033 2.1624 0
-1.0264 1.6394 0
-0.8240 1.5087 0
2.4563 1.9592 0
0.0626 1.4602 0
2.1025 0.9788 0
-1.4796 0.8906 0
-2.5258 0.9245 0
0.4352 1.9951 0
-0.5239 0.1786 0
-2.2637 0.2962 0
-0.0791 0.3814 0
-1.8309 0.8094 0
0.0453 1.2297 0
-2.4354 0.3455 0
-1.8064 1.1960 0
1.6579 0.0315 0
1.7376 1.7914 0
-0.5461 1.4446 0
0.4315 -1.0098 0
1.1405 3.5536 0
-0.3995 1.8619 0
-0.7126 0.7423 0
-0.6970 1.2650 0
-0.6540 2.5002 0
-2.1880 -0.1437 0
1.2369 2.4130 0
-0.3370 -0.2319 0
-0.2142 0.9084 0
3.4294 1.7185 0
-0.2982 -0.1206 0
-0.1271 3.0703 0
0.0851 0.0688 0
-1.3410 3.0711 0
-1.0912 1.5474 0
0.7982 3.1116 0
-1.3526 2.5055 0
-0.7505 1.9768 0
-0.8814 -0.1774 0
1.1940 1.0337 0
-0.2322 1.6753 0
-0.5131 -0.4393 0
-0.4769 -0.0927 0
2.0580 -1.4809 0
-1.7113 -0.1575 0
1.2600 0.8916 0
0.9210 -0.2028 0
1.5321 -2.5121 0
1.7045 1.3302 0
0.2345 0.1049 0
-0.1369 0.7692 0
-1.9347 1.1024 0
-0.8933 0.2631 0
0.2766 -0.1395 0
-1.6439 0.6368 0
1.1145 2.9671 0
1.1911 1.4576 0
0.4756 0.4706 0
-0.4503 -0.9339 0
0.4716 0.6238 0
0.7526 1.4259 0
0.1686 1.8681 0
-1.1751 2.5765 0
-0.6842 2.4814 0
3.4853 0.8262 0
-1.9523 0.1744 0
-0.0692 1.4047 0
0.4336 1.6016 0
-1.3250 1.5834 0
-1.1433 1.0486 0
-2.0063 -0.1179 0
-1.0654 2.4826 0
-1.3563 -0.3324 0
0.3172 0.6147 0
0.8977 1.0990 0
0.8592 -0.3029 0
-0.9099 1.6539 0
-0.7825 2.8314 0
-0.4804 -0.8163 0
0.9777 -0.7600 0
2.1546 1.3545 0
1.0033 -0.2002 0
-0.9826 1.6446 0
0.2386 2.5004 0
0.3820 2.0460 0
0.1715 1.1943 0
1.9305 3.0911 0
-0.9386 0.2605 0
-0.9396 1.0468 0
0.3827 0.3438 0
2.0696 1.0183 0
0.3209 0.3492 0
1.8812 -0.8678 0
-0.6451 0.9658 0
-1.3075 -0.3181 0
0.2266 -0.8587 0
-0.2072 0.9888 0
-1.3345 0.0973 0
-0.4862 0.7224 0
-0.5614 0.6719 0
-0.6631 -0.2809 0
-0.3093 1.1867 0
-0.5154 -0.1643 0
-1.4358 0.7726 0
0.4341 1.7939 0
-1.0374 2.7289 0
-2.0230 1.1920 0
-1.2443 -0.8893 0
0.8084 1.9876 0
0.4140 1.5297 0
0.6518 0.6104 0
0.7229 -1.6814 0
-0.1180 2.1643 0
-1.9659 1.6238 0
-0.9742 2.0340 0
-0.1372 0.3004 0
-2.3544 1.0467 0
-0.6237 2.0138 0
1.4370 -0.3494 0
0.4930 1.2342 0
0.8780 -0.5838 0
2.4992 3.3536 0
-0.1678 0.9236 0
-0.2614 0.2848 0
2.1772 3.2739 0
1.6025 1.1464 0
-1.4179 1.5336 0
-0.2690 0.5458 0
1.2316 1.4491 0
-1.3051 -0.6643 0
-2.3741 1.4740 0
-1.1454 0.9140 0
0.1870 1.3024 0
0.9012 1.7800 0
2.0038 1.6735 0
-0.0882 1.1396 0
0.8549 1.7843 0
-0.6613 0.0736 0
-0.5078 1.1630 0
-2.8128 -0.3665 0
-0.8479 2.0541 0
-2.4612 0.0596 0
-0.3696 -0.6246 0
0.1005 2.9759 0
-2.9284 3.4429 0
-0.2310 2.6595 0
-0.3635 1.1517 0
1.5421 0.3113 0
0.2418 -1.0848 0
1.3974 0.3452 0
1.5576 0.0742 0
-0.8906 0.8402 0
0.5509 -0.2142 0
-1.4684 2.4256 0
-0.6697 0.4355 0
0.5816 0.6544 0
-0.6017 0.0464 0
0.6536 1.9638 0
-0.3859 3.2508 0
-0.3050 1.8352 0
0.6249 2.0186 0
-0.2588 2.5930 0
0.8941 -0.3307 0
1.7273 -0.3303 0
-0.0896 1.8839 0
-0.5249 1.5113 0
1.6767 -0.6617 0
0.6160 1.6422 0
-2.0282 -0.3465 0
1.7773 2.5300 0
1.0238 0.4214 0
1.0724 -0.5935 0
0.2469 1.4875 0
1.1165 -0.4808 0
1.6198 1.1020 0
1.4353 1.4052 0
-0.7595 -1.8453 0
0.8300 0.7491 0
-0.5113 2.4682 0
-0.8116 0.9507 0
-0.8349 1.5483 0
-1.7192 -2.3565 1
-0.3837 -0.7247 1
0.2212 0.4964 1
0.3805 0.6358 1
0.6387 0.6573 1
0.8416 0.2237 1
-0.1125 0.6347 1
2.1191 2.1474 1
-0.3345 -0.7998 1
-1.2894 -0.8787 1
0.6031 0.6744 1
1.3623 1.5025 1
0.1616 0.5758 1
-0.0216 -0.3308 1
0.7156 0.2657 1
-0.4795 -0.3111 1
-0.6453 -1.2592 1
0.5645 0.1663 1
-1.2830 -1.2615 1
0.8087 0.8824 1
1.2335 1.5834 1
-1.2878 -1.5227 1
-1.4704 -1.8859 1
-0.2363 -0.3051 1
0.4897 0.8552 1
0.3755 0.2386 1
0.6236 0.5832 1
-0.9390 -0.7483 1
-0.9757 -0.3567 1
-0.2272 -0.0194 1
-0.0506 -0.2053 1
1.3132 1.1406 1
1.0173 1.4869 1
0.2069 0.6168 1
-0.9750 -0.6485 1
-0.5173 -0.5695 1
-0.8617 -0.6701 1
-0.9074 -0.5906 1
-1.0171 -0.4348 1
0.6257 1.0917 1
1.7208 1.2968 1
-0.0656 -0.5187 1
-1.4591 -1.6435 1
0.9955 1.1719 1
-0.5607 -0.9624 1
-1.0178 -0.8422 1
1.3395 1.1150 1
0.7769 0.6829 1
1.6134 0.7882 1
-0.4655 0.1909 1
0.5638 0.5409 1
0.5372 0.5814 1
0.1332 -0.5183 1
-0.5814 -0.0165 1
0.5622 1.0078 1
-1.0960 -1.5304 1
0.0449 -0.2436 1
-1.2576 -1.3180 1
-0.4399 -0.7605 1
0.0209 0.7457 1
-1.7608 -2.1177 1
-0.1938 -0.2229 1
1.7395 1.1060 1
0.3703 0.7396 1
0.9575 1.0751 1
-0.5136 0.5587 1
-1.5149 -1.0069 1
-0.1666 -0.0226 1
-1.1573 -1.1722 1
-0.4331 -0.8619 1
-0.6575 -1.0172 1
-1.8889 -1.9664 1
-0.8733 -0.8251 1
0.0758 -0.2311 1
-0.3389 -0.1880 1
0.0886 0.3187 1
-0.1983 -0.1896 1
-0.2332 -0.3760 1
-0.7743 -1.3129 1
-0.2579 -0.2177 1
1.0084 0.9870 1
-0.0659 -0.0911 1
0.1058 -0.0237 1
-1.1405 -1.3064 1
-0.8072 -0.8449 1
-0.5936 -1.7406 1
0.6634 0.8092 1
0.6424 -0.4447 1
-0.1096 0.2689 1
0.7553 1.1148 1
0.2386 0.5881 1
0.2227 -0.0042 1
-0.8913 -0.2774 1
0.2887 0.2287 1
0.7000 0.2205 1
2.9346 1.8271 1
-1.1607 -0.1400 1
0.2421 0.1256 1
-0.3088 -0.2350 1
-1.3383 -0.4504 1
0.1545 0.1162 1
-0.6296 -0.6265 1
-0.6848 -0.5717 1
1.2778 1.1867 1
1.5553 1.5730 1
1.0495 0.2881 1
0.0447 0.3839 1
-0.0116 -0.7041 1
-0.7414 -0.1563 1
-1.7062 -2.0211 1
0.8625 0.7868 1
-0.3323 -0.2732 1
1.8973 1.4395 1
1.8434 1.7438 1
-0.4355 -0.5160 1
0.8884 0.1137 1
0.5617 0.1279 1
-1.2387 -1.7216 1
1.2914 0.7797 1
0.2627 -0.1422 1
-0.8482 -0.5843 1
0.7182 1.2060 1
0.1527 -0.2063 1
-1.3409 -1.3960 1
-0.2909 -0.2198 1
2.0276 2.1187 1
0.2556 0.2330 1
0.0280 0.9751 1
-1.3328 -0.9873 1
-0.8142 -0.8748 1
-0.7042 0.0602 1
-0.8839 -1.3492 1
1.2032 1.0515 1
-1.0069 -0.6945 1
-1.2623 -1.2528 1
-0.7467 -0.7172 1
-0.0254 0.2992 1
-0.8042 -0.0787 1
-0.2189 -0.0176 1
0.0685 0.4667 1
-0.8336 -0.8220 1
0.9542 0.1437 1
0.4298 -0.1812 1
-0.3102 -1.0090 1
0.2641 -0.2598 1
-0.4202 -0.7305 1
1.4371 1.1905 1
-1.1244 -0.8745 1
-0.8631 -1.1074 1
-0.6121 -0.4258 1
-0.3469 -0.4765 1
1.5427 1.0319 1
1.0969 1.4759 1
0.9177 0.4724 1
0.1522 0.2901 1
0.0418 0.1615 1
-1.8016 -1.7921 1
1.4305 1.3869 1
-1.0763 -1.1242 1
-1.9293 -1.6239 1
2.0055 1.3636 1
-0.5195 -1.2480 1
0.9462 0.6494 1
0.0802 0.7273 1
0.2521 0.8490 1
2.0508 1.4599 1
0.0385 -0.3888 1
0.7045 0.6844 1
1.2026 1.9109 1
-0.6662 -0.2525 1
0.1680 0.3502 1
1.8258 1.4911 1
1.5478 2.1105 1
1.1891 1.4468 1
-1.7665 -1.1159 1
0.2413 0.5569 1
0.6624 1.1775 1
0.6645 0.5552 1
-1.6182 -0.9279 1
-2.4563 -1.8802 1
0.9440 0.4768 1
1.4401 1.0372 1
-1.8836 -1.6512 1
-0.7194 0.0044 1
-0.9079 -0.1219 1
0.7637 0.8291 1
-0.9207 -0.8886 1
1.4237 0.8271 1
-1.2668 -1.3953 1
-0.5109 -0.1204 1
1.2615 1.5857 1
0.5243 0.4135 1
0.1334 -0.2251 1
1.0760 1.0415 1
-1.2401 -1.8364 1
-0.1214 -0.1875 1
0.9805 0.8420 1
0.0475 0.3726 1
-0.5425 -0.0451 1
0.3746 0.9748 1
