# X1 X2 y
-1.3347 -0.3213 0
0.6190 1.1161 0
-1.1276 -0.0308 0
0.0874 -2.4633 0
1.3108 -0.3683 0
-0.6132 -0.6346 0
-1.6876 -3.1495 0
0.3982 0.4017 0
2.2874 0.1350 0
-0.9066 1.4670 0
-0.1194 0.3312 0
-0.9760 1.5229 0
0.2837 -0.3115 0
-0.1035 -1.0424 0
-2.3206 -0.2350 0
-1.0758 1.4768 0
-0.4067 1.2505 0
-0.9693 -0.0965 0
0.5570 -1.2448 0
0.2491 -0.1953 0
0.8401 -1.3920 0
0.2395 -0.1385 0
0.7808 -0.4708 0
1.4624 -1.2616 0
0.1095 -1.5817 0
-2.2451 -0.9815 0
1.2966 0.1194 0
-1.0602 1.6806 0
1.1573 0.1812 0
0.5027 -0.1489 0
0.2387 0.8626 0
-0.4235 -0.5463 0
0.0023 -0.2298 0
3.2672 1.4014 0
-2.0829 1.3161 0
1.4436 -0.0100 0
3.2603 0.2688 0
0.4419 0.4467 0
-1.9433 -0.3928 0
-0.7111 0.3109 0
-0.2965 0.8496 0
0.2144 -0.2411 0
0.7011 0.8532 0
-0.5651 -1.6335 0
1.6510 1.5873 0
-0.6901 -0.9481 0
-2.0271 0.4788 0
0.8408 1.3545 0
-0.7782 0.9988 0
-1.2789 -0.7516 0
0.3061 -0.5071 0
1.2607 1.2824 0
-0.1456 -1.5519 0
0.5510 0.8709 0
1.3330 0.8404 0
0.8432 -1.4681 0
-0.8522 -0.0697 0
0.1171 0.4252 0
-0.2350 0.8018 0
1.1710 -0.6406 0
0.0638 -0.2684 0
0.9206 1.2772 0
1.5739 0.8540 0
-0.7393 -1.4448 0
-0.2359 -0.3408 0
-0.6369 -1.4086 0
1.5217 1.5024 0
0.4019 1.5484 0
-0.0454 1.2715 0
0.5053 0.9473 0
-0.7593 0.4138 0
1.2021 0.4703 0
1.2498 0.0581 0
-1.3663 -0.5226 0
0.5947 1.2338 0
0.1799 -1.0777 0
0.8891 -0.3485 0
0.4525 0.8194 0
-0.7503 -2.1546 0
1.0025 1.1323 0
-2.2437 1.3032 0
0.3734 -0.2263 0
-0.3842 -0.2331 0
-0.7462 -1.5541 0
1.8691 0.1486 0
0.7638 -0.5222 0
0.7683 -0.7114 0
-0.8233 0.1899 0
-0.1473 -0.6782 0
1.0641 0.9326 0
0.6306 -0.5491 0
1.5027 -0.9379 0
0.3852 -1.2601 0
0.9373 0.7321 0
-0.4796 -2.6581 0
-0.0747 -0.8155 0
0.2654 2.0555 0
0.0355 -1.6853 0
-1.2022 -0.4589 0
0.4838 -2.4118 0
1.5895 -0.8789 0
0.0288 0.2436 0
0.5807 0.2627 0
-1.2787 0.1784 0
-0.2061 -0.1800 0
-1.7954 -0.0407 0
0.9225 0.2306 0
0.3883 0.1965 0
-0.6467 -1.4052 0
0.6044 -0.5230 0
-0.1172 -0.8871 0
-0.0564 1.0291 0
-0.9697 0.3843 0
0.2369 -0.2639 0
-0.2849 1.3993 0
0.2412 0.5439 0
1.0652 0.5304 0
-1.3305 1.7843 0
-1.7827 1.1218 0
-0.1825 -1.2751 0
-1.0617 0.7570 0
-0.0080 0.9821 0
1.1339 1.2129 0
0.4232 -0.5944 0
0.3594 1.5356 0
0.4363 1.0880 0
0.1019 1.9083 0
0.1573 -0.3205 0
0.8511 -1.1573 0
0.2793 1.0437 0
1.1412 0.1648 0
-1.0400 0.9582 0
0.6040 1.6637 0
-0.3625 -1.0749 0
1.7576 -0.1775 0
1.8395 1.6998 0
-0.4351 -1.2723 0
0.8410 -0.1558 0
-0.3334 1.4101 0
0.3083 1.3987 0
-0.2295 -0.2159 0
0.8911 0.4000 0
0.4632 0.3551 0
0.4439 0.4631 0
-0.7348 -0.4971 0
1.1421 0.8747 0
-0.2398 -0.7609 0
-0.0286 0.5731 0
0.3386 -0.8669 0
0.5754 1.2793 0
0.6614 -0.9677 0
-0.4858 1.0197 0
1.0750 -0.1481 0
-0.5838 0.9636 0
-0.9921 -0.1693 0
-1.5491 -0.5222 0
-1.8024 0.0647 0
0.2473 1.4750 0
3.3145 -0.3489 0
-0.5785 0.5613 0
0.4508 0.4296 0
0.4201 -0.1339 0
-0.7884 1.3954 0
-0.2336 1.0761 0
0.2720 0.4914 0
0.5486 -0.6633 0
0.1040 -1.2093 0
-1.1441 0.4151 0
-1.6006 -0.3253 0
0.6754 0.5033 0
-0.9431 0.1856 0
1.0280 -0.6895 0
1.2523 0.3699 0
-0.8665 -1.0036 0
0.9110 0.4453 0
0.1194 0.1415 0
-0.2204 -2.1568 0
0.6598 -1.1430 0
-0.1834 1.2401 0
-0.8973 -0.3941 0
-0.5058 -0.1369 0
-1.1459 2.0065 0
0.5633 -0.3733 0
0.6052 -0.3196 0
1.6068 -1.1802 0
-0.1165 -0.7584 0
1.1702 -0.0046 0
0.1976 -1.4970 0
-1.0802 0.0540 0
-0.3881 -0.4409 0
0.0333 -0.3429 0
-1.7262 0.1531 0
-1.4195 1.3034 0
0.3181 -0.5841 0
0.1899 -0.7967 0
-0.9581 -1.8445 0
-2.5375 -0.2548 0
-3.0663 -0.8424 0
1.2188 -0.7463 0
-0.0686 0.0072 0
1.2491 -2.7839 1
5.8706 1.2288 1
-5.8356 -5.1228 1
3.6903 3.0586 1
-2.2180 -1.2077 1
4.8371 1.9321 1
-2.1479 1.3245 1
3.2068 -0.9992 1
1.2010 -1.1886 1
-2.7868 4.8297 1
6.0768 -0.3059 1
2.5393 0.6922 1
0.4068 2.2439 1
6.2176 1.1264 1
6.2368 -0.2550 1
-1.7370 -0.4993 1
4.6860 -0.5445 1
-1.6466 1.3812 1
-0.8329 0.8240 1
1.5498 2.9378 1
-0.7170 -6.3837 1
2.9452 -1.0659 1
1.8526 -0.2032 1
-2.7585 3.7300 1
1.3857 0.4425 1
0.3184 5.1382 1
-0.7131 2.0292 1
3.9385 -2.2367 1
0.1681 4.9451 1
2.0150 1.0310 1
0.2073 2.3811 1
4.8400 0.0071 1
1.9419 0.8477 1
-1.0675 -0.4796 1
-3.1949 0.0997 1
3.7008 3.0776 1
-0.5077 5.8006 1
0.8514 -1.5787 1
-1.6009 0.6656 1
-0.5511 0.3899 1
-3.0382 0.1253 1
1.5403 2.4912 1
-4.1907 0.9115 1
-0.8051 1.7541 1
2.8403 -0.5553 1
0.1429 0.3667 1
0.2100 3.5604 1
1.2479 -0.1597 1
0.6615 6.8316 1
-3.0211 0.2893 1
0.0333 1.2672 1
2.6749 5.3104 1
-3.7611 -5.4978 1
-1.1159 2.0292 1
3.3923 1.6648 1
3.8946 3.3843 1
3.7595 4.1107 1
-2.4481 -3.7901 1
-4.7812 0.9715 1
0.7423 4.1682 1
-6.8175 0.4600 1
3.0754 2.6478 1
-1.1430 -0.8756 1
-1.3596 5.3983 1
-5.4175 -3.6384 1
4.1211 -3.3924 1
-0.6897 -0.1933 1
3.0480 2.9974 1
2.1585 -2.3022 1
0.4676 2.1043 1
2.4360 -0.4702 1
-0.9002 1.5895 1
-0.5027 -1.9160 1
2.6693 -1.9736 1
0.0096 -0.3220 1
3.9850 2.2493 1
3.0565 -1.1325 1
1.4466 2.7588 1
1.9899 1.6564 1
0.4058 -2.2245 1
1.2509 0.5630 1
1.7839 3.1662 1
-0.1711 2.5665 1
-2.9387 -1.6098 1
0.7554 -1.5567 1
-3.6930 -3.3781 1
6.6463 0.1352 1
2.1442 -1.4340 1
0.8151 -1.7037 1
2.1174 1.9433 1
1.5702 -4.1662 1
0.2879 2.4992 1
-0.4150 -1.4845 1
-1.2567 3.8718 1
3.4982 -0.2647 1
2.6211 -3.4549 1
4.0485 3.7360 1
0.2809 3.3257 1
1.5497 4.2103 1
1.2355 -0.4016 1
-1.1671 2.5810 1
1.2212 0.3314 1
-2.0127 -1.4164 1
2.0302 1.2935 1
-3.0513 -2.6037 1
-0.9847 -2.3196 1
0.2443 1.4547 1
-0.8612 0.2778 1
3.5808 1.3226 1
-2.6128 0.1909 1
1.9578 -1.6983 1
2.2905 -1.2676 1
-1.2069 1.4652 1
2.6899 -0.3528 1
3.3213 -3.3048 1
1.3744 -0.9898 1
0.8677 -3.4532 1
-3.3942 3.1291 1
2.8112 -0.4094 1
1.7802 -0.9875 1
0.5130 0.0987 1
-5.2045 -1.3512 1
2.0127 2.9092 1
-0.5213 -0.4017 1
0.6034 0.7737 1
-0.2945 0.4777 1
0.9396 1.7814 1
1.4009 -2.9803 1
3.3348 -1.4399 1
-1.1071 -0.1862 1
-1.4943 -0.6437 1
0.7833 1.1509 1
-0.6224 0.3205 1
1.8212 5.1565 1
2.7275 3.9103 1
-0.7554 -3.1136 1
1.2216 -0.5848 1
-2.4487 -2.5706 1
1.3500 1.6096 1
-4.0831 -4.1474 1
1.5799 1.0184 1
-2.2792 -0.2202 1
0.8111 -1.3357 1
-1.9988 -3.9020 1
-3.2881 -2.3203 1
-5.6647 -2.4334 1
-0.0108 -1.9790 1
1.4104 -1.3754 1
-0.2704 2.0345 1
2.6203 -2.8915 1
3.2901 3.2667 1
0.5580 -2.0307 1
-2.1706 2.6705 1
3.2043 -1.1401 1
-2.8039 -4.6169 1
1.4811 3.2055 1
-3.7185 0.3343 1
-1.5201 1.0216 1
-3.7376 0.0503 1
0.3901 2.1122 1
1.9849 0.5372 1
2.0773 1.7570 1
1.8866 -3.9418 1
-2.6887 0.9216 1
-3.8058 1.1986 1
1.8462 -1.8853 1
-6.0320 -0.5042 1
1.0112 -2.4683 1
-3.3954 -1.0227 1
-3.5018 3.7283 1
3.5184 1.8785 1
1.3873 2.6723 1
-2.5610 -1.2880 1
3.3902 -2.1691 1
-1.0304 2.3038 1
1.7062 3.1215 1
-1.1355 -2.2278 1
-0.1668 5.5541 1
-1.1288 -0.5153 1
2.5020 4.7994 1
-1.7011 4.1989 1
1.3887 3.6007 1
-0.1397 -4.9998 1
2.9057 -0.7771 1
0.7651 1.9489 1
-1.7542 2.5328 1
-2.1395 1.5735 1
-1.0712 4.8060 1
-2.9800 1.1424 1
1.1325 -3.0719 1
-0.4845 -0.8212 1
-0.3583 1.6805 1
3.4576 2.2550 1
-2.1085 -1.7869 1
-2.1738 3.9375 1
-0.5156 -0.9799 1
-1.2445 0.3926 1
1.3910 -1.1299 1
-2.0517 -2.3588 1
2.2953 1.8575 1
