# X1 X2 y
1.5284 0.3279 0
-0.3099 -0.5506 0
-0.0366 -0.3358 0
2.2500 -0.8829 0
-1.7227 0.8157 0
0.3631 -0.7304 0
-0.3402 -0.3728 0
-1.0083 0.5020 0
-0.7399 -2.4117 0
0.2651 -0.0793 0
0.7837 1.7702 0
-1.0648 -0.2787 0
-0.5079 -0.8624 0
-0.8708 -0.9177 0
0.7726 0.4406 0
1.4592 -1.7893 0
0.4266 -0.8689 0
-0.7035 0.5677 0
-1.3742 1.6370 0
1.9928 0.0387 0
1.8509 0.7659 0
0.8100 -0.5629 0
0.8533 -1.1245 0
-1.0073 -0.5997 0
0.2460 -1.3891 0
0.4067 -1.7336 0
-0.3992 1.3895 0
0.3114 -0.1704 0
-1.7687 0.0363 0
0.6984 -0.0431 0
0.8423 -1.1989 0
-0.1963 -0.0431 0
-1.9346 0.4912 0
-1.4101 0.0864 0
-0.2439 -0.3678 0
-0.1925 -0.4292 0
1.5455 0.0375 0
1.7457 1.1924 0
0.4604 0.2427 0
1.8300 -0.1667 0
1.0013 0.8173 0
-0.5589 0.8424 0
-0.1555 -0.4160 0
-0.7275 0.9707 0
-0.5692 -1.3158 0
-0.8231 -0.7308 0
-1.5510 0.3656 0
1.0416 -1.0968 0
0.0935 -0.4288 0
-1.2322 -0.2962 0
-0.2629 -0.0793 0
-0.1568 -0.3622 0
-0.3700 -2.3925 0
-1.5799 -0.0015 0
0.8593 -1.1436 0
-0.0194 -0.6794 0
0.6677 0.3861 0
-0.7578 -0.2656 0
0.5728 -0.7804 0
0.2103 0.5982 0
0.4756 -1.1991 0
-0.0049 0.2327 0
-0.9687 0.9664 0
-1.1713 0.0199 0
0.9650 0.0358 0
-0.6170 -0.1674 0
0.8909 0.7336 0
-0.2147 0.3348 0
0.2453 1.4196 0
0.3770 -0.2898 0
1.0299 0.5905 0
1.0182 -2.4248 0
-0.2769 1.0484 0
0.2275 -0.3811 0
-1.8894 0.4258 0
-0.3760 0.8157 0
0.3481 -0.8435 0
0.9627 -0.8182 0
0.3938 0.1904 0
-0.9053 1.5893 0
0.5774 -0.7673 0
-0.3788 0.9557 0
0.0597 0.0508 0
2.0429 -0.0276 0
-0.1404 -1.2715 0
0.7374 -1.2190 0
-0.0715 -0.3023 0
0.1727 -1.1423 0
-0.1954 2.4670 0
-0.1113 0.6915 0
-1.8105 0.4006 0
-0.2443 0.5596 0
-0.5822 1.1891 0
-0.2732 1.4125 0
-1.3155 -0.3562 0
0.1906 1.2508 0
0.6543 0.0880 0
-0.4121 0.2343 0
-0.3266 -0.6829 0
-0.7446 -1.1251 0
1.3569 0.8912 0
-0.3838 -0.7260 0
-0.9719 -2.6972 0
0.3847 -0.7987 0
-1.3568 -0.3065 0
0.2977 1.0075 0
2.0053 0.4840 0
0.1184 0.1721 0
0.8485 0.3553 0
0.4675 -1.0887 0
0.9862 2.6891 0
0.2887 -0.8472 0
1.1444 0.5441 0
-0.2267 0.0742 0
0.6836 -0.8186 0
-0.6379 -1.1063 0
0.7847 -0.3312 0
-0.0320 0.1347 0
-0.4308 0.3117 0
1.1865 -0.0724 0
0.8399 -1.5636 0
-0.0663 2.0876 0
-0.2487 0.3861 0
-0.8334 0.2731 0
0.7496 -0.3778 0
0.0560 1.1536 0
-0.2877 -0.9144 0
0.2002 0.5534 0
0.8520 0.6727 0
-0.4153 -0.3080 0
2.8446 1.1422 0
0.4739 0.4732 0
0.3982 -1.0278 0
0.5170 0.4453 0
0.7998 0.1952 0
-0.6966 -0.0839 0
-0.1494 0.6853 0
0.9901 0.5761 0
-0.8001 0.7486 0
1.2432 -0.1378 0
1.3012 -1.5489 0
1.3847 0.6342 0
0.9263 1.1092 0
-0.2520 -0.4939 0
-1.4337 0.4457 0
-0.4180 -0.1229 0
0.9151 -1.4833 0
-1.5605 1.7038 0
0.5975 -1.0787 0
1.7411 0.4293 0
-2.2599 -1.7705 0
-2.3075 -0.0066 0
-0.9364 0.0800 0
-0.0950 1.4965 0
0.9526 0.8155 0
0.3570 -2.2990 0
-0.8277 -0.4173 0
0.1660 1.7758 0
0.1517 0.9586 0
0.8248 -1.3192 0
2.4011 -0.0791 0
1.6581 1.1987 0
-1.2054 1.8034 0
1.3518 0.9699 0
0.5738 -0.5001 0
-1.0700 -0.8868 0
-1.0274 -0.1678 0
1.0586 -0.9092 0
0.9943 -1.2182 0
1.5187 -1.7094 0
0.3788 1.3036 0
-0.0693 0.9687 0
-0.1413 0.0246 0
-1.0258 0.4207 0
-1.3456 1.3744 0
0.5982 0.1812 0
0.3515 1.2148 0
0.5835 -0.2919 0
-0.0513 -0.4411 0
0.9397 -1.4243 0
0.9302 -1.8851 0
-0.0476 0.0726 0
-0.2256 -0.4059 0
1.1198 -2.3092 0
3.0020 1.1672 0
-0.4415 0.5559 0
0.4275 -0.8644 0
0.7017 -0.1604 0
0.2927 2.7337 0
-2.1747 0.5618 0
2.0587 -0.2592 0
1.4792 0.1554 0
0.3811 -0.2386 0
0.5021 1.2229 0
0.5841 1.7634 0
-0.9976 0.2725 0
1.4039 -0.3948 0
-0.3066 0.8060 0
-0.0889 0.8716 0
0.6247 -0.7792 0
1.6851 2.1454 1
1.3478 2.4280 1
1.2401 0.8917 1
2.1188 0.9334 1
0.9358 -1.2898 1
0.6011 1.5930 1
3.1126 1.5365 1
4.2067 2.7764 1
1.9875 2.0387 1
3.0202 1.6846 1
0.9872 3.0461 1
1.8725 3.2771 1
1.8953 1.2691 1
2.9056 1.5547 1
3.1477 1.2084 1
1.4008 -0.4613 1
2.6401 1.0151 1
2.1350 0.2885 1
0.1078 0.7853 1
1.4364 1.8855 1
2.2370 2.7601 1
2.9607 -0.1394 1
2.6495 2.8400 1
2.3478 2.6536 1
2.7909 -0.6940 1
1.8219 1.5050 1
2.2667 2.4166 1
1.8087 1.4607 1
2.4430 0.8623 1
1.4487 0.5327 1
1.7004 0.4220 1
2.9380 0.9248 1
0.8157 2.2445 1
3.7888 1.7316 1
0.4634 1.0731 1
1.9592 1.4150 1
3.0633 0.6098 1
2.7996 0.7781 1
1.0492 -0.1259 1
1.6557 1.1621 1
-0.0638 0.3903 1
1.9863 0.0108 1
2.5483 2.6213 1
1.1940 1.7059 1
1.1375 1.0472 1
0.2934 0.6411 1
0.9057 -0.6452 1
2.1571 -0.5641 1
2.7582 0.7711 1
2.4043 3.4642 1
1.3318 2.1487 1
1.2243 1.0314 1
2.1797 0.2230 1
-0.0702 0.8169 1
1.6170 1.4173 1
2.4945 0.2942 1
2.5274 -0.1118 1
0.0493 -1.3467 1
2.8263 0.8856 1
1.8833 0.4314 1
2.8916 0.4864 1
1.3917 0.7467 1
0.3641 -0.3678 1
2.0398 -0.3942 1
1.3443 0.5190 1
2.9187 1.3128 1
2.9100 0.5371 1
1.0244 0.7755 1
2.2937 -1.1289 1
2.4174 1.3042 1
2.9117 0.0916 1
2.1104 0.9284 1
2.7097 4.3311 1
2.7743 0.4624 1
2.3149 2.1022 1
2.9112 0.5430 1
0.7038 1.9171 1
1.8770 0.7736 1
0.8001 -0.7374 1
2.4478 0.6901 1
2.7797 3.3220 1
2.8244 1.1927 1
1.9295 0.7786 1
2.6535 1.6017 1
2.3464 1.8287 1
2.8383 1.5021 1
2.7064 2.6778 1
1.8678 1.6927 1
2.7560 -0.0327 1
1.9061 -0.0560 1
1.2660 1.0414 1
1.7880 1.2708 1
3.0476 2.5473 1
2.2361 2.7674 1
1.7898 1.1661 1
1.4241 1.1428 1
2.1121 0.5229 1
3.2716 1.5043 1
2.3424 0.0419 1
4.3308 2.9818 1
1.0997 -0.9102 1
1.4318 0.3209 1
1.8626 -0.0848 1
1.9171 1.2092 1
3.2670 0.0453 1
1.8772 1.4698 1
2.2950 -0.2153 1
1.8469 0.0610 1
1.5648 0.9455 1
2.2798 1.8991 1
2.1917 2.3183 1
3.8281 -1.5138 1
2.9316 0.7737 1
0.8154 1.2107 1
2.8063 1.2003 1
1.4702 0.8485 1
1.8024 0.7359 1
1.0453 -1.5392 1
2.5377 0.2509 1
1.4429 0.4709 1
1.7405 1.0806 1
1.0964 -0.5099 1
1.6846 1.5021 1
4.8572 2.3613 1
2.2392 0.6865 1
3.1505 0.3367 1
4.0870 1.3274 1
3.2733 3.3624 1
1.7491 0.8870 1
1.5293 -0.6499 1
0.5267 1.1269 1
2.3098 0.5106 1
1.3171 0.7030 1
3.1059 0.4166 1
2.6752 -0.9709 1
0.5410 1.9189 1
1.2691 -0.2189 1
2.0163 1.8953 1
2.0163 0.0402 1
1.0848 0.3479 1
-0.0436 1.3764 1
2.3999 0.4382 1
2.4615 1.5248 1
1.3469 3.1237 1
3.6736 0.1666 1
1.7836 2.0051 1
2.2562 1.8735 1
3.2781 0.5972 1
2.7189 1.5456 1
2.7366 2.0075 1
3.5470 0.3756 1
1.6448 2.3753 1
1.1813 1.4171 1
2.9582 -1.1823 1
0.1703 1.3441 1
2.5789 1.4821 1
3.4568 1.5106 1
0.7037 1.5723 1
3.7536 0.7139 1
0.7874 1.1043 1
1.9700 2.4391 1
2.7298 2.1481 1
-1.1091 1.1005 1
0.0451 0.1434 1
1.7496 0.8991 1
1.1096 1.9940 1
1.4868 1.1647 1
-0.5509 -1.3772 1
1.6104 1.3992 1
3.3732 1.2093 1
2.3880 1.9970 1
1.9139 0.3716 1
1.6299 0.4170 1
1.3941 0.7346 1
2.5565 0.9089 1
1.3243 0.8282 1
0.7147 -0.8358 1
2.5305 1.7029 1
2.7252 -1.1679 1
1.5546 3.2424 1
2.3990 0.6352 1
2.7441 1.4902 1
4.3752 3.1853 1
1.3558 2.3863 1
2.3733 -0.7204 1
2.2588 1.4199 1
0.4306 1.4672 1
1.6589 0.8532 1
3.3674 1.1854 1
4.3695 2.4015 1
1.2970 -0.6950 1
3.1417 1.5795 1
-0.5748 0.6129 1
0.9742 0.4351 1
1.7612 1.2135 1
1.9273 -0.5622 1
2.8847 1.2024 1
3.3409 0.5325 1
1.8450 -0.6853 1
1.5240 2.9928 1
