0.0613 2.5746 0
-2.2331 1.0875 0
-2.1100 1.6009 0
-0.7235 2.8188 0
-0.5535 2.0659 0
-0.2890 1.0427 0
-1.6975 0.6648 0
-1.9502 1.2830 0
-2.0020 0.4009 0
-0.9023 2.4428 0
0.5080 4.2332 0
-2.9430 1.4237 0
-1.5871 1.3155 0
-2.6872 1.5998 0
-1.3477 1.6907 0
-0.0400 1.5782 0
-0.9441 -0.2279 0
-0.7605 2.3892 0
-2.6752 2.3321 0
-1.7208 1.0418 0
-0.9815 0.6933 0
-2.1750 0.7724 0
-0.0743 2.1673 0
-0.7411 1.8223 0
-2.6377 -0.2355 0
-1.0433 1.9902 0
-1.0537 2.0094 0
-0.2723 2.0466 0
0.5344 1.8275 0
-1.7039 2.3957 0
-0.2312 2.1098 0
-0.4814 1.9861 0
-0.4502 3.9296 0
-1.0144 1.2404 0
-1.0323 1.5108 0
-1.0040 2.3782 0
-2.6306 2.1184 0
-2.3676 0.5013 0
-0.6128 2.4549 0
-0.7296 1.4745 0
-0.8791 2.9625 0
-2.3247 0.5636 0
-0.2826 2.3519 0
0.0170 2.6341 0
-1.3288 1.6171 0
-2.1638 1.1051 0
-1.3452 1.5315 0
-1.5183 0.2486 0
-0.1206 1.5646 0
-2.1700 1.8332 0
-1.4121 3.3665 0
-0.0167 1.4386 0
-0.9408 2.4313 0
-1.9764 3.4930 0
-2.6553 2.3181 0
-1.3382 -0.0745 0
0.7560 0.7269 0
-1.0139 3.1572 0
0.0734 2.3035 0
-1.6975 2.1947 0
-0.5533 2.1359 0
-1.8436 1.5031 0
-0.9134 2.4083 0
-1.1998 2.0863 0
-2.5995 0.2323 0
-1.2634 3.2446 0
-1.2774 3.5532 0
-0.8679 2.1970 0
-2.2779 2.1161 0
-1.7699 1.0896 0
-0.8593 2.4918 0
-0.7832 1.5224 0
-1.8798 2.2466 0
-1.9626 2.7695 0
-1.2793 1.5838 0
-0.7957 1.5973 0
-0.3423 3.0951 0
-0.0631 2.4720 0
-1.1226 2.2930 0
-1.4336 1.6645 0
0.8052 3.4169 0
-0.2603 2.5526 0
-2.2913 1.6757 0
-1.4576 2.1164 0
0.2064 3.2962 0
-1.1803 1.0961 0
-1.1572 1.4583 0
-2.4578 1.8435 0
-1.2935 3.2690 0
-1.9091 3.3403 0
-0.6013 2.4277 0
-0.7955 1.3974 0
0.9337 2.9112 0
-1.7773 0.9518 0
-1.5045 3.1346 0
-1.8003 2.0125 0
-1.2730 0.8011 0
-1.1880 1.9874 0
-0.2899 1.4960 0
-0.5420 0.6747 0
0.2460 2.2786 0
-1.0768 2.8129 0
-3.3549 1.6756 0
-1.9381 1.6123 0
0.4637 4.5101 0
-3.5468 0.1702 0
-1.5703 2.2168 0
-1.7108 1.4983 0
-0.8603 2.5059 0
1.1881 2.0055 0
-1.9570 0.6534 0
-2.4406 2.3271 0
-1.7836 0.7103 0
-0.6768 1.0692 0
-1.4540 2.6864 0
0.4600 0.3301 0
1.3969 3.3283 0
-2.2756 1.0544 0
-0.4373 1.1287 0
0.0588 0.5714 0
-1.9159 2.4082 0
-0.8474 3.2757 0
-0.4442 2.6576 0
-0.9295 2.1623 0
-2.8019 1.2937 0
1.0387 0.9445 0
-2.1851 1.7289 0
-0.8541 1.5464 0
-1.4720 -0.3020 0
0.4547 1.7782 0
-1.0828 1.4356 0
-2.8647 0.3311 0
-1.0890 2.5202 0
0.2092 1.9573 0
-1.2150 1.2925 0
-2.0325 1.4168 0
-1.1380 1.9469 0
-1.1368 2.3037 0
0.3709 1.1869 0
-0.8280 1.6725 0
-0.1973 3.5454 0
0.2450 1.2959 0
-0.5821 1.6703 0
0.3325 3.5334 0
-0.4516 3.2499 0
-0.7212 3.2773 0
-1.4306 1.7243 0
-0.8080 3.1230 0
-1.2534 1.3905 0
-0.9750 0.9467 0
0.1746 2.9628 0
-1.2858 2.1902 0
-1.7047 2.6638 0
-0.1624 3.3542 0
-1.9061 2.6027 0
-1.2749 2.0831 0
-2.9635 1.0584 0
-1.3312 1.2910 0
-0.2597 0.9365 0
-0.5962 3.0442 0
0.5152 3.4686 0
-1.2188 2.2102 0
1.5507 2.1779 0
-2.0329 1.1814 0
-2.2042 2.6061 0
-0.1277 0.7290 0
-1.1528 2.7202 0
-0.4681 2.1637 0
-1.2374 3.3250 0
-1.1481 -0.0326 0
-2.2696 0.0390 0
-2.0962 -0.3705 0
-1.6725 0.7972 0
-1.3242 2.6333 0
-0.5145 2.7701 0
-1.8920 2.4425 0
-3.1818 1.9967 0
-1.4804 1.9940 0
-0.1000 2.0100 0
0.2792 2.9203 0
-1.1480 1.8873 0
-0.7961 0.7619 0
-2.6830 0.7991 0
-2.1410 1.3296 0
-0.0596 2.5092 0
1.7871 4.7466 0
-1.5722 2.7547 0
0.5843 3.3513 0
-0.0723 1.5144 0
0.9038 2.4898 0
-2.3789 1.7857 0
0.3525 3.0491 0
-1.5860 1.8113 0
0.6486 2.8607 0
-0.2687 3.7281 0
-3.2549 -0.0930 0
0.4585 4.1787 0
-3.1400 1.6145 0
-1.4212 2.1746 0
-1.4594 2.3401 0
-0.9606 0.6587 1
0.4611 -0.5547 1
0.2362 -0.1598 1
-1.2111 0.7096 1
-0.8461 0.7384 1
2.4686 -2.4845 1
0.3343 -0.1323 1
-0.5228 0.4953 1
0.8820 -0.5163 1
0.3979 -0.7816 1
0.4764 -0.6360 1
0.0251 -0.1758 1
0.4480 -0.1749 1
-0.6146 0.7655 1
0.1608 -0.3793 1
0.1802 -0.2213 1
-0.7920 0.6587 1
0.9242 -1.1635 1
-1.7190 1.3197 1
1.0689 -1.1161 1
-1.5420 1.5001 1
-0.5259 -0.0340 1
1.3258 -1.2626 1
0.4709 -0.3160 1
1.1538 -0.7410 1
-1.4631 0.8679 1
-0.2642 0.1568 1
-1.2383 1.2550 1
-0.8564 0.7892 1
0.0831 0.6440 1
-2.1245 1.4467 1
-0.2965 0.3640 1
0.8201 -1.0409 1
-0.0018 0.3258 1
-0.5338 0.3660 1
0.5846 -1.2660 1
-1.4570 1.1978 1
0.8176 -0.6637 1
0.0732 -0.0753 1
-0.6638 0.4669 1
0.9118 -0.9160 1
-0.2423 -0.1384 1
0.8005 -1.1170 1
-0.4875 0.9333 1
-1.2814 0.9099 1
0.3976 -0.8114 1
-1.7072 1.4605 1
-0.0474 -0.1163 1
-0.3257 -0.0455 1
0.3945 -0.6847 1
2.1359 -1.9464 1
-0.4888 0.7940 1
-1.2187 1.4818 1
0.1559 0.0358 1
0.6042 -0.3062 1
-0.1394 -0.6556 1
0.0383 -0.0157 1
1.1201 -0.9052 1
-1.2461 0.7939 1
-0.5221 0.7909 1
0.7659 -0.8791 1
0.8693 -1.0235 1
0.2417 0.1654 1
0.3021 -0.8146 1
2.6690 -2.7670 1
1.1936 -1.0730 1
-0.4717 -0.0891 1
-0.3564 0.2674 1
0.1359 -0.3058 1
-0.7492 0.9145 1
0.0292 0.3624 1
-0.0072 0.0539 1
-0.5194 0.4027 1
1.3620 -0.6987 1
-1.0544 0.5629 1
0.6896 -1.0175 1
1.4095 -1.2187 1
-1.2636 1.3338 1
-1.4505 1.2386 1
-0.3896 0.0566 1
0.1628 0.2092 1
-0.4586 0.7824 1
0.5153 -0.1810 1
-1.1878 1.3215 1
1.2778 -1.1204 1
-0.3299 0.0861 1
0.7746 -1.0126 1
-0.9941 0.9911 1
-1.7828 1.0874 1
-0.1029 0.6405 1
-1.7118 1.4463 1
-1.2229 1.5347 1
-1.0100 1.0337 1
-0.7389 1.0135 1
0.0756 -0.9880 1
-0.8300 1.1515 1
-0.7326 0.5636 1
0.0856 -0.6115 1
-1.4579 1.3627 1
-0.8144 0.6616 1
2.8073 1.7442 2
-0.6519 0.1180 2
1.2213 -0.1512 2
1.1591 -0.5616 2
1.5626 0.7901 2
1.3477 -0.1026 2
0.7469 -0.3894 2
-1.0406 -1.5558 2
-0.5879 -0.6024 2
0.0249 -0.4151 2
1.1175 0.0860 2
1.4071 0.5226 2
0.8761 -1.6724 2
2.4684 0.2070 2
0.2367 -0.1039 2
0.9064 0.9218 2
1.1707 0.4676 2
0.3506 -0.5440 2
0.2014 -0.7809 2
0.9876 0.0616 2
-0.0942 0.2018 2
2.0904 -0.1734 2
1.0584 -1.3361 2
0.7860 0.2320 2
2.8006 0.6576 2
1.3117 0.1300 2
0.8869 0.1828 2
0.8756 -1.1207 2
-0.0045 -0.8655 2
1.0336 0.7479 2
1.7416 -0.0767 2
2.2787 1.6827 2
2.9677 0.4607 2
2.9911 1.0768 2
2.2860 1.6320 2
1.9585 -0.1198 2
0.9959 -0.7079 2
0.8353 0.4845 2
1.8187 0.3075 2
1.7450 0.2965 2
-1.0392 -2.7661 2
0.1805 -0.5128 2
1.3032 0.8695 2
0.1741 -1.1436 2
1.2614 -0.2229 2
0.5487 -0.1858 2
0.8838 0.2044 2
0.0995 0.3680 2
1.7751 0.4794 2
-0.9586 -1.7327 2
0.2129 -1.1683 2
0.4121 -0.5076 2
0.7256 -0.3737 2
-0.1302 -0.7830 2
0.9996 0.3132 2
2.3282 -0.6361 2
2.5339 0.5628 2
-1.2030 0.0122 2
2.1289 0.8671 2
1.5176 0.5152 2
2.0152 0.9199 2
2.0594 -0.0659 2
2.1846 -0.5210 2
0.6643 -0.7854 2
-0.5707 -0.5061 2
0.0329 -0.9127 2
-0.5759 -0.1889 2
1.3149 0.2630 2
-0.3440 -0.7886 2
1.2800 0.9110 2
0.1851 -1.1253 2
0.5842 -0.2545 2
0.2078 -1.0095 2
-0.4712 -0.3664 2
1.4786 -0.0286 2
1.5854 1.3420 2
1.8943 0.4866 2
-0.9511 -0.7715 2
0.6222 -0.0721 2
1.5745 -0.5113 2
0.8091 -0.8610 2
-0.4291 -2.0176 2
1.2191 0.1833 2
1.4987 0.3727 2
-0.0871 0.2472 2
0.8337 -0.0955 2
0.6209 -0.1998 2
1.6170 0.4416 2
-0.1776 -0.6982 2
0.9959 -0.0668 2
0.3201 -0.1586 2
0.6574 -0.4222 2
3.2302 1.1086 2
1.2802 -0.3963 2
0.6421 -0.8160 2
2.6799 1.6886 2
1.1802 0.1383 2
2.6592 0.8910 2
1.0879 0.1164 2
0.3772 -0.8285 2
