# X1 X2 y
1.2501 0.2076 0
0.1869 0.3718 0
-2.0104 2.0656 0
0.3475 0.9346 0
-0.9221 1.3941 0
-0.3022 2.4769 0
-0.0602 0.8130 0
0.7926 -0.2593 0
0.2807 1.1619 0
-0.3791 2.2689 0
-0.8579 1.3154 0
0.7467 0.1244 0
0.0955 1.3305 0
-0.4249 1.3401 0
0.1905 1.1334 0
-0.7416 1.8629 0
0.7145 -0.6061 0
-0.4676 1.7282 0
-0.1394 0.5146 0
-0.2062 0.8337 0
1.1516 0.2360 0
0.1053 0.7420 0
1.3842 -1.2970 0
0.3249 0.9195 0
1.1267 0.1773 0
-0.5509 1.5749 0
1.4891 -0.4034 0
0.3857 0.9790 0
0.0019 0.6369 0
1.0354 0.7747 0
-1.8248 2.6232 0
0.2772 1.9968 0
-0.6269 0.6701 0
0.3591 0.6120 0
1.9743 -1.0020 0
1.2512 -0.8313 0
-0.3341 0.6577 0
-0.3243 0.9483 0
0.8816 0.1801 0
0.0164 1.1776 0
-0.9767 2.4230 0
-0.6523 1.4172 0
0.9911 0.9265 0
-0.5332 1.5498 0
1.7796 -1.8494 0
1.7954 -0.8682 0
-0.1895 0.6974 0
-0.9090 1.9854 0
0.6056 0.8662 0
0.7458 0.9400 0
-1.2652 2.5810 0
2.2117 -0.6365 0
0.2375 1.1328 0
0.7207 0.6940 0
-0.4399 1.4781 0
-1.2461 1.5719 0
-0.8133 1.2049 0
0.1921 1.5499 0
-0.2185 1.0955 0
-0.1168 1.1716 0
0.7443 -0.2166 0
-0.5168 0.8543 0
-0.3315 1.0660 0
0.0193 1.3049 0
0.3582 1.0772 0
-0.0347 0.9082 0
-0.2973 1.4351 0
-1.1157 2.2619 0
0.9434 -0.2388 0
0.1100 0.8980 0
0.0305 0.8192 0
0.3215 0.1348 0
-0.9281 1.9140 0
-0.0060 0.7670 0
0.0347 0.9730 0
-1.1631 1.4953 0
-0.4238 1.3767 0
0.2542 1.0547 0
0.1642 1.2806 0
-1.4737 1.7844 0
0.6168 0.9158 0
-0.4745 1.7347 0
-0.3512 0.4563 0
0.0061 1.3073 0
-0.1725 0.6260 0
-0.0307 1.5684 0
-2.7766 3.1911 0
1.8763 -0.6607 0
0.5074 0.4481 0
1.3229 0.3005 0
3.1758 -1.9815 0
0.3209 1.0456 0
-0.3909 1.3667 0
-0.5794 2.0214 0
0.3843 1.4579 0
-0.6342 1.3098 0
0.2179 0.4785 0
2.5664 -1.4964 0
-1.3113 2.7116 0
0.4754 1.0537 0
0.2226 0.3196 0
-0.9028 2.3413 0
-1.1511 1.8237 0
-0.7490 1.2431 0
0.3484 0.3625 0
0.6192 0.5963 0
-0.3902 2.1621 0
0.9790 0.6526 0
-0.5976 1.9324 0
1.8113 -0.1375 0
-1.3119 1.9106 0
-1.2287 2.2530 0
0.2178 -0.1970 0
0.3884 0.1927 0
-1.1304 1.7286 0
-1.2953 0.9191 0
0.0561 0.7710 0
-0.1102 1.4833 0
-0.1008 0.3710 0
0.1040 0.5325 0
-0.5198 2.1696 0
-0.9946 1.1220 0
0.0979 1.1269 0
0.2501 0.2553 0
0.1944 0.5263 0
2.5129 -2.0519 0
0.1727 0.7654 0
-1.1496 1.6880 0
-2.2350 3.2459 0
-0.4945 1.3298 0
-0.3911 1.2817 0
1.1969 -0.1074 0
0.6770 0.2848 0
0.3191 0.8178 0
-0.1487 1.1537 0
-0.5438 1.7198 0
-1.5121 2.1988 0
-0.9571 1.9266 0
-0.2999 0.7317 0
0.6935 0.0936 0
1.0477 0.3123 0
-0.6918 1.7974 0
-0.1343 1.7517 0
-0.6989 1.4057 0
-0.1279 0.8815 0
0.1815 0.9404 0
-0.8632 1.5437 0
-1.6801 1.5626 0
0.3846 0.5684 0
0.2198 1.2294 0
-0.3238 0.6865 0
1.5882 -0.0092 0
-0.0766 0.7478 0
-1.2809 2.3919 0
-1.4278 1.4262 0
1.6897 -0.0106 0
-0.1541 1.1456 0
-0.3019 1.7217 0
1.8927 -0.7942 0
-0.4520 1.4038 0
0.4161 0.8310 0
-0.2064 1.9264 0
-0.5799 1.1833 0
-1.5282 2.7060 0
-0.0180 0.8927 0
-1.6202 2.3933 0
-0.8980 1.8347 0
1.0288 0.3455 0
-0.9302 1.6827 0
0.3202 0.1169 0
-1.7367 2.1286 0
1.0547 -0.8175 0
-2.1167 3.0144 0
0.0777 0.9549 0
0.9150 0.1102 0
-0.1640 1.0823 0
-0.4295 1.2698 0
-1.0849 1.8719 0
-1.5998 1.9056 0
0.1319 1.0549 0
-1.4704 2.0161 0
-1.0542 1.7306 0
1.0231 0.0290 0
-1.2068 1.9009 0
1.0453 0.3445 0
-0.4642 1.6365 0
0.4455 0.0109 0
-2.0564 2.8977 0
0.4189 0.6261 0
-1.3417 2.5065 0
-0.7488 1.5532 0
1.5905 -0.8898 0
-0.8744 1.7348 0
0.1548 1.3989 0
-0.8215 1.4914 0
0.5496 0.1408 0
0.2689 1.1863 0
1.6621 -0.9065 0
-1.1308 2.3797 0
0.8356 -0.3538 0
2.0268 1.6209 1
1.0414 0.8562 1
0.6454 0.3462 1
-1.4691 -1.2555 1
-1.3361 -1.3702 1
2.2084 2.1336 1
0.6113 0.7451 1
1.7097 2.1876 1
-0.7895 -0.9131 1
0.4712 0.4196 1
0.4228 0.6505 1
-1.2168 -0.9919 1
-0.3214 0.4608 1
-1.3785 -1.8579 1
-1.0278 -0.9336 1
-0.3899 -0.2007 1
-0.1374 0.1909 1
0.9086 0.4365 1
-0.6595 -0.5013 1
-0.4907 -0.3730 1
0.3152 0.0210 1
0.7187 0.1835 1
1.5464 0.9873 1
-0.2974 -0.1232 1
-1.2558 -0.9148 1
0.3823 0.4851 1
0.6186 0.4116 1
-0.5014 -0.3147 1
-1.2239 -1.8493 1
0.4121 0.5598 1
0.3506 0.5470 1
0.6166 0.8152 1
-0.2059 -0.8056 1
-0.0002 0.1865 1
0.0184 -1.0097 1
0.7638 0.4746 1
-1.6149 -1.0652 1
-1.2374 -0.9999 1
0.4489 0.3081 1
1.5662 1.2462 1
-1.9395 -1.9023 1
-0.9235 -1.0899 1
-1.1294 -0.2859 1
1.6432 1.9726 1
0.9607 -0.0747 1
1.4837 1.5146 1
-0.7990 -0.9518 1
1.2746 0.8582 1
-0.1230 -0.7556 1
-0.8851 -0.5436 1
0.2761 0.4321 1
-0.7379 -0.6805 1
0.0665 0.3282 1
-0.0361 0.5305 1
-0.2979 -0.4624 1
1.1151 0.8810 1
-0.6258 -0.1994 1
1.5920 1.2657 1
-0.1860 -0.6859 1
2.3622 2.6387 1
2.2105 2.2117 1
-0.8225 -0.6275 1
-0.4387 -0.9245 1
0.9164 0.6872 1
0.1174 -0.0483 1
0.6295 1.0521 1
-0.0064 0.6482 1
0.5471 -0.0387 1
-1.1073 -0.4410 1
-1.0142 -0.9261 1
-0.1841 -0.3210 1
0.2248 -0.1731 1
-0.4693 -1.3059 1
-0.3220 0.2647 1
0.0764 -0.4440 1
-0.3282 -0.4363 1
-0.6600 -0.8703 1
-0.1049 -0.7830 1
0.5855 0.5557 1
-0.9017 -1.1224 1
-0.4017 -0.5811 1
-0.1089 0.0043 1
1.1870 1.8632 1
-1.4204 -1.3672 1
1.5229 0.9936 1
-1.4602 -0.9630 1
0.6761 1.2279 1
2.1225 2.3769 1
-0.7574 -0.5186 1
-0.2050 0.2286 1
-0.2372 0.1009 1
-0.2923 0.4271 1
0.1538 -0.4531 1
1.1913 1.1856 1
0.9470 0.5583 1
-0.4892 -0.9138 1
0.0806 -0.1609 1
-1.5473 -1.4769 1
0.5497 0.3313 1
-2.8449 -2.5380 1
0.5397 0.8843 1
0.1067 0.3183 1
0.6478 0.0990 1
-1.4850 -1.5849 1
-0.3405 -1.2548 1
0.1608 0.1825 1
-0.5622 -1.5053 1
-0.4216 -0.1627 1
-0.0304 -0.0788 1
0.1350 0.8834 1
-1.5180 -0.8932 1
-1.4888 -0.9924 1
0.4415 0.8807 1
-0.1904 -0.5587 1
-0.8955 -0.4865 1
-0.6672 -1.0415 1
-1.5198 -1.9923 1
1.9071 1.6683 1
-0.6510 -0.6691 1
-0.1234 0.1673 1
-0.1385 -0.5043 1
1.0786 1.2229 1
-0.3331 -0.2020 1
0.1794 0.1585 1
1.0721 0.3320 1
0.6129 0.6839 1
-1.3072 -1.5508 1
0.0019 0.4129 1
-2.1469 -1.8420 1
0.2812 -0.0012 1
1.5980 1.0116 1
-0.3242 -0.6831 1
0.8923 1.2014 1
0.5521 0.0094 1
1.3782 1.3204 1
0.2862 0.8122 1
-0.4948 -0.3127 1
-1.0230 -1.0408 1
-0.0034 0.1120 1
1.3395 0.9787 1
-0.5684 0.2626 1
-1.5712 -1.6793 1
0.3024 0.2710 1
0.6904 0.8340 1
0.6496 -0.0446 1
0.1109 0.5752 1
-1.3818 -1.4972 1
0.5754 1.0052 1
1.4920 1.4232 1
-1.1543 -1.4600 1
-0.8394 -0.9669 1
-0.3776 -0.0928 1
0.3211 0.5479 1
1.3617 1.2528 1
0.1454 0.7717 1
-1.3979 -1.0804 1
-0.1907 -0.1653 1
-0.9167 -1.4779 1
1.3793 0.7613 1
0.5448 0.9107 1
-0.4736 -0.6166 1
0.5997 0.0439 1
-0.5360 -1.3855 1
1.5281 1.9927 1
-1.4038 -1.4793 1
1.9544 1.5408 1
0.2460 0.4986 1
-0.4084 -1.5469 1
-0.5832 -1.3164 1
0.1835 -1.0660 1
0.2592 -0.0274 1
-0.4340 -0.3822 1
1.7026 1.6524 1
-0.1684 0.5577 1
0.3735 0.0574 1
-0.5899 0.1928 1
1.1780 1.2403 1
0.3954 -0.0770 1
-0.8910 -0.8109 1
-0.2572 -0.1759 1
-0.1566 -0.3375 1
0.3058 0.3523 1
0.3004 0.7755 1
-0.2692 -0.6823 1
0.3314 0.8857 1
0.4602 1.0885 1
0.2451 0.3667 1
0.4394 -0.0920 1
-0.4312 -0.6210 1
-0.2295 -0.6117 1
-0.9331 -0.6798 1
0.3999 0.9847 1
0.4326 0.4670 1
1.1358 1.1138 1
1.3704 1.0553 1
0.3642 0.1466 1
-0.5898 -1.5591 1
0.3687 1.3499 1
0.1943 -0.1107 1
-0.1384 0.1680 1
