0.9083 -0.6444 0
-1.2475 0.7015 0
-0.7917 0.7130 0
0.7614 -0.0386 0
0.2442 -0.3051 0
-0.4443 -0.6912 0
-1.3481 0.2384 0
-0.9721 0.5379 0
-1.6864 0.4042 0
0.3894 0.0160 0
2.4019 -0.6418 0
-1.2899 1.2717 0
-0.7901 0.2857 0
-1.0414 1.1237 0
-0.3926 0.1877 0
0.0832 -0.7649 0
-1.7234 -0.4704 0
0.4086 -0.0953 0
-0.4619 1.2566 0
-1.0624 0.3279 0
-1.0169 -0.2657 0
-1.4695 0.5992 0
0.5304 -0.6266 0
-0.0277 -0.2187 0
-2.4596 0.7337 0
-0.0263 0.0289 0
-0.0158 0.0401 0
0.3503 -0.5090 0
0.5264 -1.1256 0
0.0068 0.5775 0
0.4177 -0.5261 0
0.2127 -0.3718 0
1.7506 -0.0184 0
-0.6020 -0.1366 0
-0.3977 -0.0715 0
0.2950 0.0759 0
-0.6103 1.1836 0
-1.7653 0.6839 0
0.5238 -0.1877 0
-0.2956 -0.2941 0
0.8071 0.1000 0
-1.6979 0.6654 0
0.5854 -0.4426 0
0.9359 -0.6014 0
-0.4421 0.1601 0
-1.2038 0.6555 0
-0.5163 0.1552 0
-1.5972 0.0305 0
0.0377 -0.7101 0
-0.6353 0.8006 0
0.8941 0.5575 0
-0.0163 -0.8084 0
0.3638 0.0412 0
0.7500 0.9836 0
-0.4643 1.2398 0
-1.7729 -0.1602 0
-0.2413 -1.4961 0
0.9017 0.2336 0
0.7009 -0.7054 0
-0.1481 0.5342 0
0.2992 -0.2917 0
-0.7535 0.5045 0
0.3576 0.0173 0
-0.0185 0.1589 0
-2.0762 0.7970 0
0.8626 0.4281 0
1.0986 0.4977 0
0.2115 -0.0560 0
-0.4600 0.9321 0
-1.0461 0.3721 0
0.4464 -0.0051 0
-0.2811 -0.2466 0
-0.1859 0.6740 0
0.1885 0.8340 0
-0.4469 0.1184 0
-0.2278 -0.2232 0
1.1425 -0.2565 0
0.7742 -0.5757 0
0.1770 0.1439 0
-0.4501 0.2438 0
1.8898 -1.0112 0
0.7524 -0.4198 0
-0.8112 0.8565 0
-0.1060 0.3483 0
1.5369 -0.6082 0
-0.7868 -0.0464 0
-0.4927 0.0072 0
-0.7514 1.0075 0
0.8688 0.4542 0
0.6593 0.9062 0
0.5074 -0.2012 0
-0.3844 -0.2620 0
1.5485 -1.2004 0
-1.1574 0.3507 0
0.6724 0.5784 0
-0.3353 0.5721 0
-1.0581 -0.0374 0
-0.0909 0.1314 0
-0.0891 -0.6029 0
-0.8420 -0.5822 0
0.7558 -0.8331 0
0.6045 0.2118 0
-1.2699 1.6136 0
-0.7086 0.5928 0
2.6000 -0.5568 0
-2.5334 1.4593 0
-0.0759 0.4479 0
-0.7000 0.4090 0
0.4571 -0.0017 0
0.9478 -1.5565 0
-1.4689 0.4210 0
-0.3646 1.0887 0
-1.3495 0.3086 0
-0.5907 -0.4100 0
0.3426 0.4559 0
-0.6802 -1.3621 0
2.0754 -1.4495 0
-1.2918 0.7253 0
-0.4408 -0.5689 0
-0.6639 -1.0298 0
-0.0748 0.7309 0
1.0664 0.1379 0
0.7554 -0.2685 0
0.1577 -0.0188 0
-1.3310 1.1462 0
0.0512 -1.6553 0
-0.7237 0.7912 0
-0.2928 -0.1915 0
-2.0091 -0.1089 0
0.4533 -1.0784 0
-0.4784 -0.0501 0
-2.1131 1.0049 0
0.3696 0.1639 0
0.4879 -0.8690 0
-0.6477 0.0163 0
-0.9026 0.6223 0
-0.1012 0.0880 0
0.1792 0.1561 0
-0.0466 -1.1330 0
-0.1827 -0.1858 0
1.5582 -0.2727 0
-0.0153 -1.0224 0
-0.0784 -0.3612 0
1.7773 -0.6522 0
1.2168 -0.1488 0
1.1221 0.0484 0
-0.4019 0.2532 0
0.9636 0.0803 0
-0.5873 0.0626 0
-0.8154 -0.2214 0
1.2617 -0.6501 0
0.0259 0.2402 0
0.2168 0.6300 0
1.4233 -0.3345 0
0.0820 0.7615 0
-0.0534 0.2117 0
-1.5853 1.2157 0
-0.6989 0.0987 0
-0.5149 -0.7325 0
0.9932 -0.0857 0
1.8053 -0.7947 0
0.0705 0.1963 0
1.2395 -1.7814 0
-1.0875 0.5771 0
-0.0439 0.9744 0
-0.6207 -0.8666 0
0.4990 0.2480 0
0.3578 -0.3470 0
0.9369 0.4251 0
-1.6581 -0.2874 0
-2.0856 0.5247 0
-2.3320 0.3222 0
-1.2335 0.2463 0
0.3569 0.3532 0
0.8134 -0.1967 0
-0.0376 0.7205 0
-0.9435 1.5525 0
-0.2118 0.3408 0
0.3959 -0.6387 0
1.2735 -0.7327 0
-0.1522 0.0836 0
-0.8832 -0.3845 0
-1.6677 0.9659 0
-1.0178 0.6826 0
0.8049 -0.5710 0
3.3562 -1.4531 0
0.3452 0.5532 0
1.7431 -0.8666 0
0.0192 -0.7542 0
1.2051 -1.2606 0
-0.7627 0.9402 0
1.4061 -0.7600 0
-0.4007 0.3807 0
1.3860 -1.0072 0
1.6708 -0.1866 0
-2.6140 1.2006 0
2.3378 -0.6172 0
-1.2252 1.4488 0
-0.0447 0.3336 0
0.0686 0.3928 0
0.5615 1.8079 1
1.6788 3.3371 1
1.1036 3.2953 1
0.6845 1.3779 1
0.3031 2.1060 1
3.6815 5.2828 1
0.9622 3.5104 1
0.4926 2.4862 1
1.2289 4.1817 1
2.1806 2.9922 1
1.8249 3.2862 1
1.3228 2.8748 1
0.9447 3.6864 1
0.0438 2.5766 1
1.6016 2.9344 1
1.2741 3.1274 1
0.4114 2.1312 1
2.4620 3.6247 1
-0.0615 1.0058 1
2.2403 3.9486 1
-0.5733 1.5231 1
1.5348 1.9583 1
2.2992 4.2968 1
1.2015 3.5911 1
1.4282 4.4813 1
0.5978 1.0509 1
0.9273 2.6481 1
-0.3622 1.8636 1
0.2126 2.1363 1
-0.3385 3.7943 1
0.0500 0.3536 1
0.5492 2.7905 1
2.3139 3.5459 1
0.3618 3.3178 1
0.7563 2.3376 1
2.9656 2.8724 1
-0.0553 1.3879 1
1.5755 3.9131 1
1.0827 3.0661 1
0.6740 2.1878 1
1.9873 3.8447 1
1.4874 2.3990 1
2.4808 3.4334 1
-0.3987 2.9857 1
0.3537 1.4406 1
2.2394 2.9622 1
-0.3485 1.1673 1
1.2705 2.7946 1
1.3793 2.3306 1
1.9933 3.0812 1
2.9210 5.1755 1
-0.1241 2.8458 1
-0.8251 2.1247 1
0.7911 3.3341 1
1.0636 3.8563 1
2.4113 2.0863 1
0.9967 3.0579 1
1.7806 4.2548 1
0.5501 1.3940 1
-0.0884 2.7790 1
2.0446 3.6015 1
2.2361 3.6574 1
0.4602 3.6264 1
2.3307 2.7760 1
4.0579 5.3884 1
2.0447 4.2303 1
1.5948 2.0079 1
0.7920 2.5805 1
1.4796 2.9590 1
-0.1290 2.4655 1
0.2624 3.4133 1
0.9006 3.0393 1
0.6716 2.4012 1
1.1598 4.9222 1
0.8330 1.5336 1
2.3843 3.3187 1
2.1385 4.5006 1
-0.4945 1.8927 1
-0.1411 1.4406 1
1.2356 2.3090 1
0.4444 3.5184 1
-0.1281 2.8922 1
0.8968 3.8094 1
-0.5377 2.0259 1
2.0627 4.3450 1
1.1245 2.4524 1
2.2989 3.4865 1
-0.0615 2.0715 1
0.4514 0.6545 1
-0.1660 3.4342 1
-0.3165 1.1444 1
-0.9251 2.1688 1
-0.1310 2.0831 1
-0.3324 2.5827 1
2.8727 2.1707 1
-0.5223 2.5443 1
0.5454 2.1512 1
2.1246 2.5611 1
-0.3783 1.5487 1
0.4257 2.0910 1
2.6200 5.4285 1
-1.0071 2.8708 1
1.3105 2.8520 1
1.3625 2.3407 1
1.4284 4.0577 1
1.4464 2.9322 1
0.8178 2.4827 1
-0.9563 0.7630 1
-0.7094 2.0019 1
-0.0358 2.3319 1
1.1137 3.1244 1
1.3251 3.7054 1
1.3664 0.9377 1
2.6883 3.4956 1
0.1212 2.7469 1
0.6049 4.1100 1
1.0599 3.5992 1
0.3925 2.2284 1
0.2873 1.9145 1
0.9663 3.0732 1
-0.3676 3.0654 1
2.3543 2.9686 1
1.4805 1.3783 1
0.6734 3.2478 1
2.9461 4.1007 1
1.3319 3.2103 1
0.8088 3.2045 1
1.1962 1.6111 1
0.0676 1.7772 1
0.8101 3.9187 1
1.9084 3.0290 1
2.0083 5.2660 1
3.2060 3.8879 1
3.0445 4.6440 1
2.0325 5.2053 1
2.1805 3.0123 1
1.2128 2.1350 1
0.6546 3.5643 1
1.8822 3.5109 1
1.7977 3.4853 1
-0.5825 -0.7145 1
0.1799 2.2383 1
1.0944 4.1118 1
0.3662 1.4672 1
1.3804 2.7711 1
0.5187 2.6985 1
0.7985 3.2304 1
-0.1875 3.3004 1
1.7773 3.7136 1
-0.8040 0.5606 1
0.4201 1.4434 1
0.4547 2.2830 1
0.7875 2.4984 1
-0.1077 1.8571 1
0.9032 3.3824 1
2.7802 2.4431 1
2.6570 3.9409 1
-1.6321 2.6505 1
2.0803 4.2454 1
1.4591 3.7147 1
1.9283 4.2910 1
2.2842 3.0948 1
2.5736 2.5598 1
0.8410 1.9856 1
-0.7184 2.1223 1
0.1268 1.7257 1
-0.8222 2.5087 1
1.2948 3.3732 1
-0.3611 1.8149 1
1.0540 4.1586 1
0.3737 1.4914 1
0.5822 2.6205 1
0.3652 1.6364 1
-0.6426 2.3093 1
1.5799 3.0442 1
1.2858 4.7353 1
1.9174 3.7420 1
-1.0906 1.7353 1
0.5715 2.8495 1
1.8426 2.4707 1
1.0369 1.9172 1
-0.0846 0.3003 1
1.2050 3.2600 1
1.4804 3.5375 1
-0.3730 3.1220 1
0.8309 2.8559 1
0.6091 2.6933 1
1.6004 3.6412 1
-0.1903 1.9528 1
1.0157 2.9177 1
0.2376 2.6939 1
0.7211 2.4278 1
3.3200 4.7224 1
1.4561 2.5624 1
0.8239 1.9445 1
2.4851 5.3396 1
1.1725 3.1986 1
2.7056 4.3623 1
1.0691 3.1567 1
0.5117 1.8854 1
1.6586 -1.2498 2
1.6632 -1.4091 2
3.7064 -0.3958 2
0.5774 -2.9670 2
0.6426 -3.5792 2
2.6005 -2.8909 2
3.1535 -0.5015 2
2.3099 -1.1412 2
2.0995 -1.5454 2
3.1232 -1.5362 2
0.7683 -2.8627 2
1.7087 -1.7485 2
0.7675 -2.4972 2
2.5344 -1.9320 2
1.8290 -1.9400 2
3.9530 -1.4499 2
1.2099 -2.0038 2
1.9479 -2.2086 2
1.7440 -2.1149 2
2.8630 -0.9560 2
0.7310 -3.0067 2
1.8808 -1.6328 2
1.7296 -2.9120 2
0.4849 -2.9853 2
1.5068 -2.1864 2
1.9989 -2.4589 2
1.3551 -2.6090 2
1.0746 -3.2467 2
2.9840 -1.5614 2
1.0020 -3.0136 2
2.9005 -1.8910 2
-0.4671 -4.3970 2
2.7282 -1.5605 2
0.9653 -3.2091 2
3.0356 -1.0154 2
0.0425 -3.1612 2
0.9455 -3.4757 2
3.4774 -0.7581 2
2.3848 -1.6091 2
1.2984 -3.0532 2
3.0725 -1.6173 2
1.1730 -2.5653 2
1.5511 -3.2583 2
2.0441 -1.1397 2
1.2411 -2.0111 2
0.8511 -2.6834 2
2.6154 -1.4562 2
0.9553 -1.5587 2
1.3258 -2.7337 2
1.6863 -2.0398 2
1.9502 -1.5859 2
0.1751 -2.2663 2
0.4499 -3.3498 2
2.9626 -1.7978 2
0.6603 -2.5585 2
0.4718 -3.3204 2
1.9865 -2.0530 2
1.8480 -3.4466 2
4.4217 -1.1402 2
2.4492 -1.6246 2
0.8428 -3.1256 2
1.5277 -2.5447 2
2.8069 -1.8840 2
1.7659 -2.2526 2
3.1771 -1.1751 2
3.2813 -1.2557 2
0.6996 -3.0621 2
1.7990 -2.8004 2
2.1567 -1.0700 2
2.8432 -1.5502 2
0.9935 -2.2614 2
0.7572 -3.1018 2
2.4708 -1.3000 2
1.5807 -2.5557 2
1.9767 -1.5394 2
0.6622 -4.3959 2
2.4579 -2.5396 2
2.0261 -2.1676 2
-0.1080 -3.7639 2
2.5121 -0.4992 2
3.2412 -0.3176 2
0.1456 -3.5967 2
1.1314 -2.5190 2
2.0075 -1.7950 2
3.2080 -0.4122 2
2.3468 -1.0963 2
2.2960 -1.7489 2
2.4173 -2.0748 2
1.5358 -2.6067 2
3.0950 -1.1760 2
2.0081 -1.7217 2
1.9228 -2.3571 2
0.9988 -1.5710 2
3.1268 -2.6477 2
3.2747 -1.1319 2
0.4760 -2.7427 2
2.3837 -1.4711 2
2.4883 -2.3002 2
1.7970 -1.9686 2
2.9331 -0.9157 2
1.4665 -3.6163 0
1.5669 -1.9336 0
1.3723 -3.3304 0
2.3537 -1.6205 0
0.3703 -2.3839 0
1.3751 -1.8109 0
2.2750 -1.9463 0
0.4505 -2.5123 0
0.4373 -4.0148 0
2.4197 -0.5203 0
4.0787 -0.0536 0
2.1405 -0.9674 0
1.6961 -1.9624 0
1.9082 -2.2528 0
1.7393 -2.8533 0
3.1239 -1.1484 0
2.4145 -2.0465 0
1.1940 -1.4061 0
1.9701 -1.4579 0
1.9164 -1.3432 0
2.8060 -0.6237 0
1.5315 -2.2060 0
3.3453 -0.9483 0
1.1892 -3.7779 0
2.2424 -1.4693 0
-0.2482 -3.4838 0
0.8466 -3.4488 0
2.0541 -2.4170 0
2.2588 -1.6718 0
2.3049 -0.8629 0
2.0774 -2.1561 0
2.4441 -0.7636 0
1.4792 -2.7102 0
2.9043 -0.5991 0
1.8653 -1.5398 0
1.5517 -1.5595 0
1.5644 -1.4401 0
1.6796 -3.1778 0
1.8009 -1.2211 0
1.9138 -2.4237 0
1.5587 -1.7173 0
1.7085 -2.4146 0
3.0783 0.1381 0
2.5481 -0.7837 0
3.6480 -0.7036 0
2.5549 -0.9056 0
2.3722 -1.2702 0
0.3093 -3.6129 0
2.9448 -1.2554 0
2.6915 -0.7785 0
1.2436 -2.5648 0
3.7015 -1.6888 0
2.4432 -1.7650 0
3.2133 -1.3548 0
2.1118 -1.3922 0
4.1427 -0.1730 0
1.8376 -3.5414 0
2.1432 -1.8370 0
1.3275 -1.5233 0
2.2449 -2.1917 0
2.4143 -1.5604 0
3.3599 -1.6173 0
2.8569 -1.3240 0
0.6336 -3.7706 0
3.0117 -1.8620 0
0.6123 -3.1549 0
1.0872 -2.6156 0
2.6099 -1.2587 0
2.7880 -0.9126 0
0.0463 -2.3193 0
2.4495 -0.7695 0
1.5345 -3.2015 0
1.3371 -1.8008 0
2.4565 -1.2642 0
2.0385 -1.7381 0
2.6616 -1.2803 0
1.7142 -2.6269 0
2.8034 -1.2375 0
2.4639 -1.5131 0
2.4334 -0.9996 0
2.1883 -2.7031 0
0.8814 -3.6450 0
1.9567 -1.3155 0
2.1011 -0.5950 0
5.1205 -0.7064 0
2.2418 -2.6662 0
2.1895 -2.3434 0
2.1940 -1.6231 0
1.9856 -2.1748 0
2.5178 -1.6169 0
2.2766 -0.9774 0
2.9226 -0.9035 0
2.2468 -2.8768 0
1.3388 -1.9440 0
1.9952 -1.5783 0
2.0121 -1.8859 0
1.2418 -2.8636 0
1.9542 -3.0274 0
2.4653 -2.6557 0
2.6106 -1.8216 0
