1.0405 0.6727 0
-1.2124 -1.0184 0
-1.0855 -0.5084 0
0.2802 0.8222 0
0.4354 0.1130 0
0.6788 -0.8471 0
-0.6969 -1.3680 0
-0.9344 -0.7981 0
-0.9968 -1.6568 0
0.1011 0.4389 0
1.4978 2.3257 0
-1.8985 -0.7717 0
-0.5807 -0.7266 0
-1.6472 -0.5731 0
-0.3426 -0.3375 0
0.9284 -0.3018 0
0.0241 -2.1480 0
0.2384 0.4027 0
-1.6255 0.1362 0
-0.7145 -1.0060 0
0.0002 -1.2614 0
-1.1601 -1.3166 0
0.9030 0.2640 0
0.2495 -0.1433 0
-1.6240 -2.3422 0
-0.0423 -0.0142 0
-0.0522 0.0032 0
0.7087 0.1253 0
1.4907 0.0026 0
-0.6795 0.3049 0
0.7496 0.1910 0
0.5044 0.0438 0
0.5613 1.9264 0
-0.0243 -0.7360 0
-0.0381 -0.4766 0
0.0013 0.3653 0
-1.5851 -0.0655 0
-1.3512 -1.6001 0
0.3830 0.4826 0
0.2560 -0.4783 0
0.1307 0.9440 0
-1.3086 -1.5351 0
0.7028 0.4195 0
0.9982 0.7254 0
-0.3252 -0.4065 0
-1.1446 -0.9937 0
-0.3423 -0.4910 0
-0.5282 -1.7506 0
0.8498 -0.3239 0
-1.1407 -0.2904 0
-0.3824 1.2757 0
0.9491 -0.4343 0
0.0635 0.4235 0
-0.9298 1.3357 0
-1.6064 0.1249 0
-0.3573 -2.0431 0
1.6914 -1.0371 0
0.0022 1.1173 0
1.0486 0.4119 0
-0.6761 0.1112 0
0.4365 0.1807 0
-0.8276 -0.5736 0
0.0898 0.4043 0
-0.1932 0.0614 0
-1.5805 -1.8857 0
-0.2394 1.1743 0
-0.2488 1.4711 0
0.1313 0.2051 0
-1.2419 -0.0288 0
-0.7616 -0.9652 0
0.1436 0.4911 0
0.2045 -0.4378 0
-0.8528 0.1414 0
-0.9262 0.6378 0
-0.2774 -0.4332 0
0.1933 -0.3668 0
0.6549 1.1314 0
0.9181 0.5598 0
-0.1153 0.2698 0
-0.4265 -0.3723 0
1.7759 1.5693 0
0.7273 0.6160 0
-1.2609 -0.4561 0
-0.4437 0.0621 0
1.1916 1.3864 0
-0.1878 -0.8939 0
-0.1603 -0.5411 0
-1.4207 -0.3123 0
-0.2683 1.1946 0
-0.8664 1.1956 0
0.3938 0.4576 0
0.1908 -0.5600 0
1.8940 1.0944 0
-0.7706 -1.0993 0
-0.4755 1.0413 0
-0.7786 -0.0763 0
-0.2819 -1.1894 0
-0.1831 -0.0329 0
0.6841 -0.4089 0
0.4276 -1.2309 0
1.2162 0.4069 0
-0.0636 0.7775 0
-2.2959 -0.5736 0
-0.9181 -0.4784 0
1.4585 2.5886 0
-2.5032 -2.0503 0
-0.5520 0.1467 0
-0.6985 -0.5636 0
0.1429 0.5046 0
2.1292 0.2468 0
-0.9496 -1.4076 0
-1.3973 0.1573 0
-0.7801 -1.3335 0
0.3018 -0.8643 0
-0.4324 0.6136 0
1.3979 -1.4534 0
2.3504 1.5489 0
-1.2542 -1.0551 0
0.5356 -0.7803 0
1.0108 -1.2644 0
-0.8857 0.2936 0
0.1659 1.2502 0
0.5498 0.6971 0
0.0708 0.1647 0
-1.7630 -0.8818 0
1.9694 -0.7956 0
-1.1569 -0.3930 0
0.1358 -0.4224 0
-0.4907 -2.2779 0
1.4125 -0.0539 0
-0.0883 -0.5548 0
-1.8372 -1.8194 0
-0.0795 0.4932 0
1.1761 0.0921 0
-0.2188 -0.7078 0
-1.0126 -0.6778 0
-0.1350 -0.0666 0
-0.1290 0.2785 0
1.3229 -0.6348 0
0.1629 -0.2977 0
0.8021 1.5828 0
1.2019 -0.5433 0
0.4021 -0.2726 0
1.3175 1.6297 0
0.5506 1.2690 0
0.2887 1.2658 0
-0.4227 -0.3141 0
0.2022 1.1070 0
-0.2549 -0.6173 0
0.0099 -1.0156 0
1.1561 1.0605 0
-0.2755 0.1524 0
-0.6767 0.5640 0
0.8334 1.4018 0
-0.8735 0.4827 0
-0.2663 0.0500 0
-1.9235 -1.1272 0
-0.3320 -0.7221 0
0.7059 -0.9465 0
0.4072 1.0542 0
1.4944 1.5873 0
-0.2100 0.1791 0
2.4845 0.4536 0
-1.0163 -0.9055 0
-1.1635 0.4531 0
0.8315 -1.1326 0
-0.1389 0.6795 0
0.5199 0.2170 0
-0.2130 1.2549 0
-0.1718 -1.9816 0
-1.2621 -2.0362 0
-1.0990 -2.4130 0
-0.6708 -1.2372 0
-0.3068 0.5765 0
0.4829 0.7982 0
-0.8619 0.3294 0
-2.1231 -0.2441 0
-0.4675 -0.0588 0
0.8759 0.1090 0
1.2573 1.0310 0
-0.1456 -0.1253 0
0.1816 -1.1746 0
-1.6540 -1.3469 0
-1.1194 -0.7741 0
0.9220 0.5962 0
2.7495 2.9633 0
-0.5465 0.6665 0
1.5600 1.4814 0
0.8961 -0.3671 0
1.8592 0.6837 0
-1.3447 -0.3594 0
1.3304 1.1637 0
-0.5728 -0.2471 0
1.6159 1.0142 0
0.7352 1.7516 0
-2.2227 -2.2725 0
1.4489 2.2675 0
-2.0876 -0.6089 0
-0.4075 0.1223 0
-0.4424 0.2781 0
-0.4385 -1.1921 0
0.6788 0.3371 0
0.1036 0.2953 0
-0.3155 -1.6221 0
-0.6969 -0.8940 0
2.6815 2.2828 0
-0.0378 0.5104 0
-0.5074 -0.5138 0
0.2289 1.1817 0
1.1806 -0.0078 0
0.8249 0.2862 0
0.3228 -0.1252 0
-0.0553 0.6864 0
-0.9562 -0.4234 0
0.6016 -0.0656 0
0.2741 0.1274 0
-0.5886 -0.8688 0
1.4620 0.6247 0
-1.0615 -1.9942 0
1.2403 0.9486 0
-1.5733 -1.4769 0
0.5348 -1.0417 0
1.2992 1.2968 0
0.2015 0.5911 0
0.4282 1.4813 0
-0.4022 -1.9491 0
-0.0727 -0.3519 0
-1.3622 -1.1364 0
-0.7874 -0.8637 0
-1.3385 0.7943 0
-0.9500 -2.6464 0
-0.4508 -0.2095 0
1.3139 0.5459 0
-0.6382 0.3178 0
-0.2437 -0.6624 0
1.9656 -0.1276 0
-1.0553 -1.6121 0
0.5755 0.9131 0
0.0827 0.0661 0
-0.3260 -0.8122 0
0.9873 0.8447 0
0.4874 -0.6010 0
1.4808 0.4334 0
-1.3987 -0.0143 0
-0.6463 -1.5594 0
1.2394 -0.0378 0
-1.3485 -1.8327 0
0.2705 -0.2054 0
0.3793 -0.6694 0
0.9933 0.0812 0
1.9210 2.1755 0
-1.1241 -0.1542 0
-1.8251 -0.8753 0
-0.2089 0.3341 0
0.0636 0.8563 0
1.4113 -0.9137 0
-0.0033 0.0579 0
0.7806 1.2548 0
-0.4499 -1.6060 0
-1.0884 -0.2210 0
1.0446 0.6015 0
1.2361 0.6574 0
-0.5398 0.6264 0
1.3307 -0.2240 0
3.0579 2.3884 0
1.0447 1.2303 0
0.5948 -0.9921 0
-0.2080 -0.4195 0
0.4796 -0.0410 0
-1.1290 -0.5345 0
-0.7376 0.4133 0
-0.0994 0.0393 0
-0.3284 -0.5988 0
0.1598 1.9222 0
-0.1670 -1.4664 0
1.3843 0.3187 0
1.1385 1.5006 0
-1.4945 -1.1073 0
-1.1411 -1.5594 0
0.2356 -0.6910 0
-0.5556 0.5184 0
-1.1281 -0.1078 0
-0.1032 0.8094 0
-1.5377 -0.9741 0
1.0627 1.3450 0
0.1245 -0.5476 0
1.2989 0.4865 0
-1.0615 -0.9285 0
-0.5486 -2.3455 0
-1.1660 0.4342 0
-1.3165 -1.8556 0
-1.9251 -0.8312 0
-1.1310 -0.9169 0
-1.3324 -0.4173 0
1.8727 -0.8293 0
-1.5223 -0.4557 0
-0.4546 -0.8488 0
1.1246 -0.4389 0
-1.3783 -1.4513 0
-0.5743 -0.9090 0
5.6200 2.4285 1
1.9929 -0.1292 1
4.3105 -0.1480 1
4.3625 -0.6593 1
4.4284 1.0577 1
4.4464 -0.0678 1
3.8178 -0.5173 1
2.0437 -2.2370 1
2.2906 -0.9981 1
2.9642 -0.6681 1
4.1137 0.1244 1
4.3251 0.7054 1
4.3664 -2.0623 1
5.6883 0.4956 1
3.1212 -0.2531 1
3.6049 1.1100 1
4.0599 0.5992 1
3.3925 -0.7716 1
3.2873 -1.0855 1
3.9663 0.0732 1
2.6324 0.0654 1
5.3543 -0.0314 1
4.4805 -1.6217 1
3.6734 0.2478 1
5.9461 1.1007 1
4.3319 0.2103 1
3.8088 0.2045 1
4.1962 -1.3889 1
3.0676 -1.2228 1
3.8101 0.9187 1
4.9084 0.0290 1
5.0083 2.2660 1
6.2060 0.8879 1
6.0445 1.6440 1
5.0325 2.2053 1
5.1805 0.0123 1
4.2128 -0.8650 1
3.6546 0.5643 1
4.8822 0.5109 1
4.7977 0.4853 1
2.4175 -3.7145 1
3.1799 -0.7617 1
4.0944 1.1118 1
3.3662 -1.5328 1
4.3804 -0.2289 1
3.5187 -0.3015 1
3.7985 0.2304 1
2.8125 0.3004 1
4.7773 0.7136 1
2.1960 -2.4394 1
3.4201 -1.5566 1
3.4547 -0.7170 1
3.7875 -0.5016 1
2.8923 -1.1429 1
3.9032 0.3824 1
5.7802 -0.5569 1
5.6570 0.9409 1
1.3679 -0.3495 1
5.0803 1.2454 1
4.4591 0.7147 1
4.9283 1.2910 1
5.2842 0.0948 1
5.5736 -0.4402 1
3.8410 -1.0144 1
2.2816 -0.8777 1
3.1268 -1.2743 1
2.1778 -0.4913 1
4.2948 0.3732 1
2.6389 -1.1851 1
4.0540 1.1586 1
3.3737 -1.5086 1
3.5822 -0.3795 1
3.3652 -1.3636 1
2.3574 -0.6907 1
4.5799 0.0442 1
4.2858 1.7353 1
4.9174 0.7420 1
1.9094 -1.2647 1
3.5715 -0.1505 1
4.8426 -0.5293 1
4.0369 -1.0828 1
2.9154 -2.6997 1
4.2050 0.2600 1
4.4804 0.5375 1
2.6270 0.1220 1
3.8309 -0.1441 1
3.6091 -0.3067 1
4.6004 0.6412 1
2.8097 -1.0472 1
4.0157 -0.0823 1
3.2376 -0.3061 1
3.7211 -0.5722 1
6.3200 1.7224 1
4.4561 -0.4376 1
3.8239 -1.0555 1
5.4851 2.3396 1
4.1725 0.1986 1
5.7056 1.3623 1
4.0691 0.1567 1
3.5117 -1.1146 1
3.3235 1.0496 1
3.3825 0.8494 1
5.5918 1.4303 1
2.5491 -0.7305 1
2.8350 -1.5157 1
5.0465 -1.3116 1
4.9378 1.4832 1
4.0994 0.9675 1
3.9722 0.5336 1
5.2456 0.2031 1
2.7523 -0.6643 1
3.5527 0.4110 1
2.6292 -0.2082 1
4.6437 -0.0938 1
3.7667 0.1320 1
6.2515 0.0334 1
3.0160 0.2593 1
4.0048 -0.2427 1
3.7192 -0.0578 1
4.7273 1.0135 1
2.7539 -0.8313 1
3.7286 0.4977 1
3.9676 -1.0469 1
2.4399 -0.7224 1
3.4472 -0.0676 1
4.1520 -0.5719 1
3.3993 -0.5440 1
3.2626 -1.2455 1
5.0805 0.2182 1
3.0942 -0.9305 1
5.0865 -0.1649 1
1.7244 -2.1647 1
4.7612 0.3047 1
3.1138 -1.1621 1
4.9624 0.8818 1
1.9470 -0.7939 1
3.1782 -1.4878 1
5.4273 1.0550 1
4.3493 0.3588 1
3.4770 -1.0789 1
5.2095 0.1189 1
3.1576 -0.4286 1
3.8606 -1.4191 1
3.7675 1.0581 1
3.0573 0.2397 1
2.7956 -0.4683 1
4.5857 0.4724 1
2.5499 0.8993 1
3.4044 -0.6896 1
3.6220 0.0553 1
3.7996 0.5331 1
1.8133 0.2777 1
2.5180 -1.1653 1
5.1328 -0.0695 1
2.5160 -0.2488 1
2.5355 -1.1359 1
4.0009 -0.0616 1
4.2939 -1.7532 1
6.7326 0.2630 1
4.4347 0.3181 1
2.9330 -1.0170 1
3.5931 -0.5215 1
4.9674 -0.1249 1
3.7925 -0.2368 1
5.1922 0.6353 1
5.3491 0.5000 1
2.7333 -0.8899 1
4.0168 -0.9309 1
3.8847 1.1073 1
4.9012 0.2791 1
2.8323 0.0103 1
2.8184 -0.9587 1
4.3532 0.7155 1
3.6628 -0.5528 1
3.8171 0.5821 1
3.1323 -2.5407 1
4.7513 -0.8259 1
4.0886 -0.2177 1
1.9607 -1.4953 1
4.1372 1.7004 1
4.9856 1.6833 1
2.2211 -1.3715 1
3.0903 -0.3570 1
3.9409 0.2531 1
4.9759 1.5764 1
4.1305 1.0110 1
4.2853 0.2142 1
4.5454 -0.2327 1
3.6239 -0.6015 1
5.0902 0.6616 1
3.9171 0.3444 1
4.0230 -0.4195 1
2.6082 0.8695 1
5.6216 -1.1842 1
5.2995 0.6566 1
2.3477 -0.4170 1
4.3017 0.5313 1
4.7092 -0.5375 1
3.7364 0.1070 1
4.8013 1.0404 1
-0.1252 2.1627 2
-0.5623 4.2275 2
-0.3382 2.5508 2
0.3142 4.3550 2
-1.9040 4.0658 2
-0.8424 4.4446 2
0.3249 3.9751 2
-1.7611 3.8789 2
-1.2754 2.0096 2
0.0290 5.7050 2
1.9418 5.7326 2
-0.1698 5.2407 2
-0.3915 4.1484 2
-0.0301 3.7154 2
-0.0400 3.0231 2
1.1170 4.6864 2
0.5325 3.8036 2
-1.2035 5.0099 2
-0.2185 4.6860 2
-0.3238 4.8470 2
0.5452 5.4470 2
-0.5154 3.8997 2
1.3262 4.8619 2
-0.4170 2.0538 2
0.1250 4.5808 2
-2.3078 2.9009 2
-0.9542 2.5787 2
0.2068 3.4619 2
0.2130 4.3228 2
0.0003 5.3161 2
0.1486 3.7795 2
0.1406 5.3935 2
-0.4121 3.2884 2
0.6596 5.4447 2
-0.3218 4.6189 2
-0.7062 4.6991 2
-0.7303 4.8437 2
-0.0060 2.6383 2
-0.5085 5.0378 2
0.0341 3.5004 2
-0.6448 4.5000 2
-0.2250 3.5803 2
0.6303 6.3060 2
0.2770 5.3336 2
1.6219 5.0660 2
0.3262 5.1794 2
0.2203 4.7857 2
-1.5694 2.5536 2
0.9294 4.6129 2
0.4542 5.2922 2
-0.7545 3.5484 2
2.0178 3.8195 2
0.4742 4.1449 2
1.2974 4.3992 2
-0.0637 4.7206 2
2.0615 5.5624 2
0.3125 2.1321 2
0.1241 4.1554 2
-0.9979 4.8192 2
0.3694 3.6791 2
0.3697 4.4097 2
1.5679 4.0228 2
0.8427 4.5566 2
-1.1123 2.2486 2
1.2155 3.8341 2
-1.3445 3.0235 2
-0.9325 3.5374 2
0.5129 4.7206 2
0.6192 5.0928 2
-2.3296 4.2546 2
0.1494 5.3842 2
-0.1791 2.6573 2
-0.8932 4.4699 2
0.3234 4.7650 2
-0.0395 4.3137 2
0.5846 4.6764 2
-0.1469 3.3137 2
0.7471 4.6823 2
0.4157 4.4522 2
0.2062 5.1026 2
0.4697 3.0603 2
-0.8453 2.3225 2
-0.2827 4.8680 2
-0.3434 5.7183 2
3.4591 4.5704 2
0.5241 3.0885 2
0.3510 3.5084 2
0.1160 4.4052 2
0.0404 3.7868 2
0.5177 4.3048 2
0.0033 5.1827 2
0.7841 5.0591 2
0.6008 2.8241 2
-0.8433 4.2907 2
-0.1469 4.5275 2
-0.0231 4.1382 2
-0.6570 3.1764 2
0.2862 2.7342 2
0.7993 3.0269 2
0.7018 4.0185 2
