1.9598 4.3207 0
-1.0938 3.4268 0
0.9564 2.3813 0
1.4465 3.7621 0
1.3424 0.9567 0
2.2418 2.1478 0
0.0711 1.8276 0
2.4139 3.4925 0
1.3275 2.7530 0
1.1724 4.1898 0
0.9872 0.3473 0
0.1463 4.2355 0
0.5579 4.7410 0
0.8630 2.2084 0
1.9514 2.8993 0
0.0046 5.8909 0
0.3467 3.4583 0
0.6488 1.8938 0
2.3833 2.7436 0
1.5317 3.2924 0
-1.8095 3.5402 0
-0.0988 4.6909 0
2.1198 3.3285 0
2.1676 3.4285 0
3.3582 3.2918 0
0.6797 4.1139 0
1.7327 4.5294 0
-0.0621 2.0789 0
1.2461 3.1019 0
0.9989 4.4454 0
0.7234 1.4509 0
3.1300 3.0810 0
1.3949 3.6690 0
1.3454 2.6496 0
2.0012 2.7866 0
1.7432 1.6522 0
0.1728 4.1403 0
0.7085 2.9784 0
0.5680 1.6709 0
0.4305 4.9383 0
-0.0784 5.4521 0
-0.2125 2.7267 0
0.9713 2.5055 0
2.2653 1.4545 0
1.4327 3.9570 0
-1.4931 2.4605 0
0.0253 5.0284 0
0.7531 3.5978 0
1.7944 3.8215 0
0.7473 3.8717 0
-0.7206 1.1851 1
0.6930 -0.1521 1
1.7541 -0.6100 1
-0.0557 1.2856 1
0.2538 1.2663 1
0.2188 1.5363 1
-2.9474 3.1576 1
-3.2585 2.7931 1
-1.3303 1.4677 1
-1.3212 0.9941 1
0.6862 -0.0392 1
0.3694 0.2911 1
1.0116 1.3854 1
1.1523 -0.3878 1
-0.0256 1.8952 1
0.5649 0.3437 1
0.4213 -0.2564 1
-2.0387 2.7356 1
0.2935 0.5411 1
0.3863 1.4873 1
1.0734 1.0937 1
1.0779 0.5583 1
0.9001 -0.9995 1
-0.7279 1.2166 1
1.4020 -0.2700 1
1.1467 0.4709 1
-0.4221 0.8292 1
0.1114 1.0712 1
-1.0672 1.3517 1
0.4096 0.5456 1
0.5661 0.8047 1
0.2521 1.7444 1
0.9915 -0.4462 1
-0.4257 0.6957 1
-1.5478 1.4391 1
-0.7289 0.7070 1
-0.8589 0.3567 1
-1.8087 2.6088 1
0.2797 1.7378 1
0.9698 -0.4061 1
-1.0555 2.8767 1
0.6306 -0.2898 1
-0.7514 2.0369 1
1.9229 -0.0917 1
0.0791 0.3741 1
-0.8651 1.7973 1
-0.2948 1.0519 1
0.2241 0.5015 1
-1.7255 2.5090 1
-0.6751 1.9288 1
-0.4830 1.3012 1
0.8485 -0.3230 1
1.9861 0.3978 1
0.3201 0.6400 1
0.6256 0.5758 1
0.4820 0.1226 1
0.9994 0.3109 1
-1.3282 2.3437 1
0.6895 0.3352 1
0.0335 1.7929 1
-1.1925 1.4070 1
-0.7811 1.8818 1
-1.2418 2.2588 1
0.0805 0.8811 1
-0.7699 1.5997 1
-0.7015 1.7942 1
0.7498 -0.8808 1
0.6787 1.2342 1
1.0228 0.5928 1
0.1962 0.2863 1
0.0007 2.4805 1
0.2148 0.5725 1
-0.6365 1.3055 1
-0.0141 1.1771 1
1.2047 -0.5831 1
-0.9893 1.6959 1
-0.7571 1.4202 1
2.4790 0.2356 1
-0.2982 1.3212 1
-0.4930 0.9828 1
-0.5462 0.6297 1
-0.1689 1.4799 1
1.7271 -0.1849 1
-0.3541 1.3963 1
-0.0146 0.8339 1
-0.7355 0.3849 1
-0.4196 1.4409 1
-0.9304 2.5755 1
1.1120 0.0636 1
-1.0488 1.4394 1
-0.1180 1.2575 1
-0.7592 0.8679 1
0.2650 0.6637 1
-1.1628 2.3154 1
1.1674 0.6377 1
0.3530 0.3656 1
0.4503 1.7661 1
0.6346 0.6373 1
-0.8389 1.8306 1
1.3611 -0.5973 1
3.0435 -2.7530 2
1.8724 -1.7839 2
3.0494 -1.8208 2
1.4948 -1.9351 2
0.6578 -3.0713 2
0.8253 -2.6192 2
4.0399 -2.3225 2
1.7200 -1.5507 2
1.3608 -0.7082 2
1.2437 -3.1882 2
0.6380 -2.5456 2
1.6577 -2.0733 2
0.2394 -2.1554 2
1.5094 -2.2750 2
1.3103 -1.7178 2
1.4105 -2.0871 2
3.7242 -2.1928 2
1.5857 -2.4128 2
1.4661 -2.8610 2
1.0146 -1.8539 2
1.1259 -1.7812 2
2.9325 -1.8617 2
2.5104 -0.5513 2
0.1523 -2.2975 2
1.9169 -3.2959 2
5.6305 -0.2529 2
2.0029 -2.9989 2
0.9110 -2.7922 2
0.8123 -3.3918 2
2.0110 -0.8124 2
0.9228 -2.8836 2
1.8486 -2.7176 2
0.3249 -3.8129 2
3.0020 -1.8860 2
-0.5681 -1.9148 2
1.6856 -2.1587 2
1.8644 -0.8209 2
-0.4790 -1.2538 2
3.1429 -1.9933 2
0.4472 -2.6829 2
1.4055 -2.8376 2
2.7351 0.2983 2
2.5765 -2.5312 2
2.2640 -1.7439 2
0.7722 -2.8983 2
1.4253 -0.7715 2
4.2091 -2.0072 2
0.8925 -2.3812 2
1.9926 -1.4474 2
2.7251 -3.0474 2
1.7088 -0.5677 2
2.1814 -2.0656 2
0.6249 -0.4665 2
2.9974 -2.6748 2
1.1086 -2.8811 2
-0.0918 -2.2871 2
2.0506 -2.6986 2
1.8978 -3.3785 2
1.9520 -1.9621 2
1.7879 -1.5565 2
2.4276 -4.1202 2
1.5962 -0.7337 2
2.6711 -3.4509 2
1.5259 -1.0224 2
0.0387 -1.2957 2
3.1150 -2.7375 2
0.7885 -2.4570 2
1.9015 -3.1830 2
1.9061 -0.2607 2
3.3060 -2.9859 2
1.0695 -3.2385 2
1.8166 -2.7085 2
3.2286 -1.6350 2
1.0242 -1.5536 2
3.3206 -2.3668 2
2.6716 -2.7100 2
1.7443 -2.9907 2
2.4469 -3.1020 2
1.4629 -0.5947 2
1.0867 -2.2846 2
1.4207 -3.0086 2
2.7100 -4.3064 2
0.8707 0.0071 2
1.0376 -3.4280 2
1.4883 -0.8315 2
2.5016 -1.8320 2
1.4053 -2.6337 2
1.2722 -2.9863 2
3.3213 -1.5150 2
5.9096 -0.7462 2
2.2463 -2.1451 2
0.5756 -0.7030 2
3.0651 -1.3170 2
0.0498 -1.7105 2
1.8889 -2.9712 2
3.0126 -2.2185 2
3.9790 -0.5514 2
2.6152 -2.9708 2
1.3554 -1.0946 2
0.9939 -2.7513 2
1.7655 -1.8977 0
2.8972 -3.1938 0
2.1565 -3.1005 0
0.3362 -1.8038 0
1.5463 -1.2449 0
2.2154 -1.6722 0
2.9208 -3.3922 0
1.2576 -1.8124 0
1.7652 -1.9006 0
2.3258 -1.9656 0
2.1942 -2.0190 0
0.4967 -1.2229 0
1.6210 -3.3283 0
2.2935 -2.5847 0
2.7020 -0.5745 0
0.2477 -3.9575 0
0.5135 -1.7482 0
0.4975 -1.8858 0
1.5603 -2.2788 0
3.7195 -1.6923 0
0.4502 -3.3393 0
1.2433 -0.8712 0
0.8870 -2.8280 0
2.5379 -3.3341 0
3.4078 -1.8629 0
1.9206 -1.7566 0
1.6893 -3.5255 0
1.0795 -3.1722 0
3.1935 -1.8285 0
2.0121 -2.9135 0
2.0893 -2.5922 0
2.3241 -2.2663 0
2.0949 -1.6933 0
2.4793 -1.2143 0
1.8656 -4.0062 0
2.9969 -2.3292 0
1.8283 -2.9262 0
0.4052 -3.8552 0
1.4615 -2.5899 0
2.9624 -2.2132 0
2.3866 -1.6965 0
2.5079 -1.2667 0
2.4530 -0.7015 0
1.9318 -1.9020 0
1.7000 -2.9228 0
1.2668 -2.7482 0
2.7784 -2.0344 0
1.8668 -2.8930 0
1.5111 -1.0485 0
0.4537 -2.6972 0
2.5318 -2.2222 0
0.2611 -2.1330 0
1.8814 -2.1799 0
1.8605 -1.6233 0
2.5752 -2.0853 0
3.3851 -0.9771 0
1.8118 -1.4976 0
1.1694 -2.3581 0
2.4346 -2.8487 0
2.2563 -0.6944 0
2.0037 -2.6220 0
1.8610 -1.8066 0
1.0039 -3.4279 0
1.8378 -0.7519 0
1.8158 -1.3656 0
1.2529 -1.8099 0
1.2926 -2.1297 0
2.1050 -2.5146 0
1.2119 -0.4994 0
2.4468 -2.7902 0
1.9214 -2.3631 0
3.1032 -3.1302 0
0.6437 -1.5228 0
1.6219 -2.2849 0
1.1401 -2.6253 0
2.2259 -1.6077 0
4.0801 -2.0509 0
2.5197 -0.6797 0
2.8109 -2.8590 0
0.7778 -1.1959 0
1.0871 -2.2918 0
1.5321 -2.4367 0
1.0351 -2.5849 0
1.5344 -2.6291 0
2.1942 -0.6024 0
1.6772 -2.2931 0
1.6237 -1.5745 0
1.1594 -4.0296 0
2.6512 -2.1866 0
3.2967 -4.0964 0
0.6262 -3.4278 0
2.0127 -1.6709 0
1.5966 -3.0483 0
0.0632 -0.4191 0
2.4442 -1.3702 0
1.5686 -2.9936 0
2.9308 -2.8096 0
2.8931 -0.5317 0
3.8763 -1.8649 0
2.8842 -1.7511 0
