-0.2126 -1.4791 0
0.2057 1.4227 0
1.7582 0.7069 0
-0.4272 -1.4676 0
2.2453 2.2688 0
2.4348 1.7830 0
-0.0028 0.9494 0
2.3802 1.3639 0
-2.4957 0.6936 0
0.8910 -1.2761 0
1.1469 1.6080 0
-0.8900 -1.7810 0
-0.0299 -0.9341 0
-0.9654 0.6802 0
4.0426 0.7096 0
0.3910 -0.5887 0
0.0821 3.3486 0
-0.5375 -0.4044 0
1.4080 -1.0991 0
2.7198 2.3723 0
-2.7376 -0.0125 0
0.3906 0.1083 0
-1.4235 -1.1936 0
0.5202 0.8635 0
-0.6066 1.3911 0
1.8614 1.1369 0
1.5800 0.4235 0
-1.6310 -0.0720 0
3.2159 -1.1376 0
2.5445 2.8361 0
1.0010 -0.0341 0
-1.9844 3.0881 0
0.8085 -0.1018 0
-0.6201 -3.9770 0
0.6354 0.1363 0
0.3589 -1.5237 0
-4.0020 0.3414 0
-0.1272 -0.3129 0
-1.0488 -0.9386 0
-0.0333 -0.3747 0
-1.2740 -1.9574 0
-1.9277 -0.2800 0
-0.1955 -1.7263 0
-0.2605 0.6793 0
1.1681 -1.6882 0
0.3576 4.3136 0
-0.5183 -1.8324 0
0.9069 -2.4060 0
-1.2118 0.9571 0
-1.6885 -1.6421 0
1.0306 -0.1544 1
0.0431 0.2608 1
1.2114 -1.8531 1
2.0781 -1.8646 1
0.4494 -0.4342 1
-0.0416 -0.2905 1
1.4218 -0.8669 1
-0.5859 0.3824 1
-0.7851 0.7002 1
-1.1316 2.1205 1
-0.9079 1.8479 1
0.3664 -1.0071 1
0.7382 -0.1044 1
-0.3158 0.6304 1
-1.1224 0.7008 1
-1.0593 1.3430 1
-1.5178 1.8070 1
0.7029 -0.8188 1
-0.4790 -0.2985 1
0.0713 0.5484 1
0.9626 -0.0183 1
0.8719 -0.3331 1
1.0737 -0.9238 1
0.9955 -1.0007 1
-0.8651 0.6510 1
0.7856 -1.0138 1
1.6372 -1.2613 1
-0.0553 0.6211 1
-1.6972 1.2917 1
0.7445 -0.5595 1
-0.7092 -0.3110 1
-1.5544 0.9350 1
-0.9326 0.9673 1
0.7436 0.0385 1
2.1314 -1.2845 1
-1.4004 0.8060 1
0.4823 -0.9483 1
-0.3184 -0.3404 1
-0.1540 1.5168 1
1.2132 -0.7056 1
-0.1398 0.0280 1
0.7120 -0.6279 1
1.7372 -1.0832 1
-0.4104 0.9929 1
-0.0297 0.6303 1
-0.3492 0.9473 1
-0.9479 1.2969 1
0.2092 0.3015 1
-0.5791 0.4947 1
1.5764 -1.5071 1
1.1873 -1.4854 1
1.6015 -0.6714 1
-2.7436 2.2114 1
0.9035 -1.3128 1
0.6977 -1.0661 1
0.0540 -0.1338 1
-1.4028 1.6686 1
-0.5935 0.4240 1
-0.8463 0.3401 1
-0.5430 1.5209 1
2.3550 -1.3609 1
-1.8777 1.5907 1
0.0763 0.2809 1
-0.0151 0.2576 1
-1.4801 1.4829 1
0.0081 -0.3988 1
-0.2320 -0.4012 1
-1.0528 1.8889 1
1.0222 -1.6123 1
0.4537 -0.6063 1
-0.0183 0.8180 1
0.6215 -1.1236 1
-0.7710 0.9009 1
0.5073 0.0286 1
-0.3209 1.2560 1
0.3631 -0.2005 1
1.6527 -1.0917 1
0.5123 -1.2380 1
-0.3652 0.0790 1
-0.9634 0.4431 1
0.4059 -0.1570 1
-0.1787 0.2731 1
0.0950 1.2450 1
-1.6787 -0.0976 1
0.8421 -1.7583 1
0.5407 0.0904 1
0.0770 0.1434 1
-1.6693 2.3942 1
-0.2520 1.5855 1
-0.5598 -0.2341 1
-1.8139 1.3993 1
0.4323 -0.1582 1
1.4913 -1.4168 1
0.7323 -1.7321 1
-1.9299 2.5852 1
0.3639 0.2076 1
0.3944 -0.1249 1
0.7281 -1.4320 1
0.1684 -0.4464 1
-0.1181 -0.0971 1
-0.4213 1.1837 1
0.7678 -0.7554 1
-0.3920 0.0424 1
0.3334 0.3657 1
1.1402 -1.4054 1
-1.0625 0.6989 1
-0.9231 0.8163 1
-1.2163 1.1208 1
-0.1271 0.0211 1
1.2455 -1.0774 1
-1.2363 1.1770 1
-0.3173 -0.0320 1
-0.2642 0.2962 1
0.0437 -0.7470 1
0.5475 -1.1561 1
0.4919 -0.1512 1
2.9606 -1.7963 1
-0.8554 0.0074 1
-1.1633 0.6634 1
-0.5086 -0.4699 1
-0.5850 1.0290 1
-0.3622 -0.0806 1
1.3740 -2.0922 1
1.0420 -0.4309 1
0.4303 -0.6096 1
1.2725 -0.4028 1
0.9271 -1.6014 1
-0.7675 0.3640 1
0.7783 -1.6223 1
-0.3014 0.4064 1
1.5977 -1.1393 1
0.5090 -0.5780 1
1.3872 -0.6440 1
0.6598 -0.3646 1
0.6935 -1.3161 1
-0.3269 0.5562 1
-0.6489 0.7748 1
-1.3786 0.7791 1
-0.6114 0.1961 1
1.0175 -0.8096 1
2.0951 -1.8100 1
1.1303 -1.5850 1
-0.4087 0.8820 1
0.6839 0.2920 1
0.6549 -0.4435 1
0.6405 0.1885 1
-3.7265 1.9665 1
1.7517 -1.8399 1
0.3799 -0.2754 1
-1.5083 1.5291 1
-0.3274 0.0137 1
-0.4915 0.5266 1
1.0414 -0.6311 1
-0.7975 -0.4167 1
-0.6695 0.0097 1
-0.1893 0.0205 1
0.1303 0.4392 1
0.3341 0.0106 1
0.7897 -1.0127 1
0.0140 0.0207 1
-0.0840 0.2345 1
0.7016 -0.6915 1
-0.9478 1.2277 1
0.4222 0.2070 1
-0.6734 -0.4762 1
1.7258 -0.9096 1
-0.4104 -0.3885 1
-1.5544 1.1789 1
1.5462 -1.2638 1
0.1824 0.2669 1
2.7747 -2.5273 1
-0.7874 1.2642 1
0.3322 0.2734 1
0.5052 -0.5536 1
-0.5459 -0.7792 1
0.1672 -0.1517 1
-0.9352 1.1129 1
-0.2590 1.1082 1
-0.4207 -0.7552 1
1.9845 -1.5169 1
0.0870 -0.2534 1
-0.1163 -1.8952 1
0.0920 0.2293 1
1.1255 -1.1785 1
-0.3299 0.0456 1
1.1470 -1.5407 1
1.1395 -2.0980 1
1.1990 -2.0596 1
0.1595 -0.9469 1
-0.2760 -0.1710 1
-1.3346 0.1343 1
-0.4457 -0.3555 1
0.2336 0.3187 1
1.1941 -1.0144 1
-0.8094 0.5361 1
-0.4029 -0.9642 1
-0.2733 1.5089 1
-1.1761 2.2670 1
1.3516 -1.3433 1
-2.2786 2.3236 1
0.9246 0.0942 2
1.2423 1.2219 2
-0.0780 -0.0254 2
0.4868 -0.0817 2
0.4274 0.9030 2
-0.9537 -0.3734 2
0.7415 0.7952 2
0.1799 0.3684 2
-0.5907 0.2067 2
-0.5268 -0.6358 2
0.5885 0.3157 2
0.4780 1.3157 2
-0.2727 0.1524 2
0.1140 -0.4281 2
1.4653 0.8166 2
1.0769 1.5386 2
1.1151 0.8443 2
-1.5356 -1.4659 2
-0.2670 -0.8521 2
1.2250 1.5731 2
-0.4773 -0.8312 2
1.2702 0.9416 2
-1.1488 -0.5724 2
-0.2873 -1.0407 2
-1.5049 -0.4582 2
-1.5523 -1.4135 2
-0.0859 -0.6799 2
-0.1253 -0.4887 2
-1.0729 0.1247 2
-0.4175 -0.3579 2
0.1280 -0.4957 2
0.7809 0.1494 2
-0.7764 -2.0549 2
0.2929 1.2966 2
0.3710 -0.3026 2
1.7036 0.3801 2
1.6152 0.9236 2
-0.5097 0.1318 2
-0.2808 -0.1092 2
0.7236 1.0828 2
1.3760 1.0812 2
0.2577 -0.4440 2
1.1940 0.7958 2
0.1794 0.2336 2
-0.2024 -0.3648 2
0.3155 -0.5148 2
-0.5397 -0.5327 2
-1.7581 -1.6319 2
-0.7850 -1.4052 2
0.8707 0.0537 2
0.5412 -0.4144 2
1.4582 2.1453 2
-0.1943 0.3909 2
-0.2575 -0.3144 2
-0.6476 -1.1745 2
0.5866 -0.2735 2
1.5168 1.9663 2
0.9284 0.6614 2
-0.1051 0.2661 2
0.2894 0.6032 2
-0.4623 -1.5026 2
-0.2904 -0.3314 2
0.8231 1.3023 2
-0.7521 0.5152 2
-1.8134 -0.8799 2
0.7464 1.3167 2
-1.2898 -0.5059 2
-0.3539 -0.0677 2
0.1908 -0.1701 2
-1.9671 -2.3238 2
0.2465 0.1887 2
-0.3398 0.1118 2
1.2582 1.1135 2
1.0844 0.0675 2
1.5053 1.2434 2
-0.0813 -0.1841 2
1.7651 2.4692 2
0.5067 0.3864 2
1.2560 2.2920 2
0.0393 1.5120 2
-0.6605 -0.3068 2
-1.5874 -1.5180 2
-0.6357 0.1892 2
-1.4204 -1.5125 2
0.3738 0.3944 2
0.5296 0.1582 2
0.4382 1.1556 2
0.2577 0.9018 2
0.5087 1.2342 2
0.9453 1.3930 2
0.8265 0.1693 2
0.4690 1.1827 2
0.0689 -0.9981 2
-1.3912 -0.7043 2
1.6986 1.1792 2
-0.1212 -0.1868 2
-0.8008 -1.2078 2
-0.0818 -0.3362 2
-0.9864 -0.4296 2
-1.0029 -0.1130 2
