# X1 X2 y
-1.7140 1.9711 0
0.3663 0.8549 0
0.9296 -0.6871 0
0.8762 -0.6880 0
-0.0037 1.1657 0
-0.6641 -0.0311 0
3.9598 -1.1295 0
-0.6368 -0.3148 0
-1.3457 -0.1909 0
0.6035 0.5957 0
0.2821 1.9140 0
-2.1858 -0.1177 0
-1.8402 -0.1653 0
1.3979 1.0166 0
0.5036 -1.6666 0
-1.2488 -0.1007 0
-0.1352 -0.7393 0
0.7311 0.4835 0
-1.5311 0.6631 0
0.8866 0.3136 0
0.1403 -1.9170 0
-1.1021 -0.4809 0
-1.8451 1.0127 0
0.1358 0.4335 0
1.2213 1.0475 0
1.4568 1.7424 0
0.3152 1.6939 0
-0.7877 1.9037 0
1.0041 -1.2953 0
0.5799 0.5182 0
-0.9758 -0.5255 0
0.2411 0.5642 0
-0.5533 -0.7143 0
0.7501 -0.5657 0
0.8921 0.3975 0
0.1799 -0.4918 0
-0.1969 -0.8997 0
0.0123 -0.6802 0
-0.0862 0.5132 0
-0.6551 1.2569 0
-0.7510 -0.3128 0
0.0473 -0.2971 0
1.7181 -1.5361 0
0.2432 -1.2501 0
-0.9748 0.3926 0
0.8003 -0.6186 0
-1.3306 -1.2177 0
-0.7720 0.1459 0
-1.6743 -0.6514 0
-0.4986 -1.3458 0
-0.3811 0.1560 0
-2.3723 -0.6677 0
0.0603 -0.4393 0
-0.0838 0.6320 0
0.5377 2.6720 0
1.3720 -1.2257 0
0.9165 -1.7413 0
0.7333 0.8540 0
-0.4400 0.0634 0
0.6454 0.5937 0
0.1664 -0.6677 0
-1.0379 -0.6832 0
1.3531 -0.9848 0
0.4901 1.6030 0
0.3351 0.0988 0
-1.7382 0.7103 0
0.7601 -0.6306 0
1.2865 1.4082 0
0.7641 0.5021 0
0.3156 -1.0182 0
-0.5387 1.1798 0
-0.1072 -0.8959 0
0.6671 0.8063 0
0.1182 0.6317 0
0.3654 -2.0458 0
-1.1170 -0.5460 0
1.5594 -0.8000 0
1.3380 -1.5131 0
-0.3795 -1.2052 0
-1.9287 -0.4753 0
0.2342 0.2816 0
1.6711 -0.5696 0
0.3518 0.1322 0
-0.0595 -0.5404 0
1.0909 0.7794 0
-0.0491 -0.0375 0
-0.3992 0.8904 0
-0.0726 0.0662 0
-2.0306 -1.7056 0
-2.0734 0.9222 0
1.2413 0.0566 0
1.5683 0.1692 0
-0.6726 0.5563 0
1.6644 -1.3432 0
1.3011 0.8314 0
0.6156 0.1343 0
-0.1864 1.0821 0
-0.3970 -1.7622 0
-0.7016 -0.6482 0
1.5714 -0.9905 0
-3.0551 2.1738 0
0.5376 -0.6719 0
0.3795 0.1816 0
1.5723 -1.8728 0
1.6498 -0.7641 0
-2.7832 0.4325 0
0.1253 -1.3049 0
0.6878 -1.6973 0
-1.8936 0.5503 0
0.8009 0.8718 0
0.3372 -0.6426 0
-0.6591 0.2723 0
-0.1147 -0.9740 0
0.8186 0.6425 0
-1.0504 -0.4193 0
-0.5564 -1.9354 0
0.6497 0.2057 0
-0.6574 2.5602 0
-0.4592 -1.7234 0
-0.8966 0.2576 0
0.7016 0.1394 0
1.1676 -1.2432 0
-0.8788 -0.7324 0
-0.2435 -0.4646 0
-0.8140 -0.5396 0
1.0106 0.8566 0
0.7196 -0.5609 0
-0.1936 -0.4773 0
0.9830 0.5705 0
1.5705 1.1308 0
-0.0861 -0.8747 0
-0.9413 0.3856 0
-0.7492 -0.6992 0
-0.4469 0.0324 0
0.1746 0.2242 0
-0.4825 -0.4050 0
-0.9206 -1.1739 0
1.7699 -0.0814 0
-1.3780 0.6529 0
0.2805 -0.7986 0
0.4522 -1.5416 0
-1.9415 -1.2007 0
0.1046 0.2782 0
0.0463 -1.2118 0
1.0748 -1.5379 0
-1.4638 0.1831 0
0.8098 1.4610 0
0.1572 0.8846 0
0.1961 -2.4809 0
0.7225 -0.1103 0
-0.2877 1.6621 0
1.2191 2.0018 0
-1.0528 0.2942 0
0.5661 1.9016 0
0.3501 -0.4841 0
-1.0055 -1.7378 0
-1.2141 0.1243 0
-0.1515 0.3541 0
0.2638 -0.7492 0
-1.9511 -2.5492 0
-0.5778 -0.3636 0
0.7696 1.5263 0
0.2109 1.0579 0
-0.4630 -0.3126 0
-1.4226 0.0314 0
0.9261 -0.9759 0
0.8643 -1.2539 0
-2.3410 -0.7359 0
-0.8550 -0.5031 0
-2.2251 -1.7944 0
-0.2361 0.9417 0
0.4641 0.1157 0
0.5130 -1.3181 0
-0.9760 -0.6898 0
-0.3013 0.5549 0
0.1330 1.5730 0
0.9156 0.8492 0
-0.9729 -1.1794 0
0.7313 0.2453 0
-0.3976 -0.1990 0
-0.7668 0.0194 0
0.8228 -0.0052 0
0.7405 -0.6097 0
0.7275 -1.2539 0
0.1223 0.5237 0
0.2037 -0.3572 0
-1.7578 -2.5650 0
-0.3954 1.6802 0
1.7154 0.7154 0
1.6235 -1.6738 0
1.0347 -2.2895 0
-0.9660 -0.8091 0
-0.1285 -1.0321 0
-1.2167 1.7780 0
-0.6450 -0.0771 0
0.2931 -2.9202 0
-0.3150 -2.3341 0
1.3718 -1.3890 0
-0.2837 -0.4025 0
-0.0319 -0.1967 0
3.9950 2.1140 1
4.1854 0.8327 1
4.9125 1.4905 1
4.2593 0.1713 1
2.7320 0.6896 1
2.6620 1.6317 1
3.3370 0.5752 1
3.6032 0.7746 1
4.9048 2.9038 1
5.9961 1.4735 1
4.0910 0.2752 1
5.1446 -1.3837 1
3.6713 1.3018 1
5.7727 2.6609 1
3.0940 0.6225 1
3.5707 1.5177 1
4.1546 0.2598 1
4.7002 2.7034 1
4.5992 0.0146 1
4.3165 1.1975 1
2.9851 0.4935 1
3.0926 -0.2401 1
2.5495 -0.1230 1
3.0526 1.4551 1
3.1781 0.2676 1
4.7438 1.6187 1
2.8102 -0.2424 1
5.2403 1.8311 1
5.0648 0.7211 1
3.8120 0.9408 1
3.6847 1.0245 1
4.4736 0.1467 1
4.2204 -0.2081 1
3.9961 1.2340 1
4.7781 2.3116 1
3.9220 0.3136 1
5.2361 1.9312 1
2.5870 0.4947 1
3.8617 2.1114 1
3.0071 1.2893 1
3.5389 1.6278 1
4.5853 -0.3173 1
4.4144 0.6473 1
1.4811 0.8866 1
5.5142 1.1440 1
3.3688 0.9575 1
3.9956 2.8800 1
4.0956 1.7127 1
4.1532 0.4483 1
5.2646 2.2090 1
3.9692 0.4253 1
4.9180 2.1721 1
4.9189 0.2719 1
4.1660 -0.2575 1
4.8578 0.4113 1
4.0685 1.7983 1
3.9860 1.1643 1
2.9618 1.5682 1
4.8090 0.6979 1
4.0236 0.9347 1
3.7148 2.8451 1
4.3166 -0.3099 1
2.3454 -1.0368 1
3.7318 -0.5147 1
5.1595 1.8011 1
4.6851 0.8149 1
3.8502 -0.1014 1
3.1417 -0.0775 1
3.3660 0.9983 1
3.2427 1.2108 1
2.9502 1.3480 1
3.8505 2.3902 1
3.1517 0.0864 1
3.6500 1.4511 1
5.1334 3.5299 1
4.1830 0.5263 1
3.4329 0.1505 1
3.0167 0.8578 1
4.7098 -0.0326 1
3.5585 -0.6539 1
3.2845 0.2806 1
3.7730 1.0644 1
3.6700 -0.0888 1
3.2761 -0.4527 1
2.9047 -0.3872 1
3.7421 1.4401 1
1.5280 -0.9630 1
4.6153 0.0657 1
4.6251 1.9927 1
4.5318 2.1146 1
4.5620 1.4630 1
4.0800 0.3791 1
4.1055 0.7627 1
3.9835 0.8599 1
6.2039 0.1750 1
2.8134 -0.5099 1
2.6610 0.6336 1
4.6388 -0.1943 1
5.6475 1.5912 1
3.1296 1.0104 1
3.2072 0.6476 1
4.1053 0.1935 1
3.8441 2.3629 1
5.2874 1.2788 1
5.0397 1.0101 1
2.4477 -0.3388 1
2.7300 1.4497 1
3.9665 -0.0450 1
4.2796 1.0179 1
5.0263 1.3682 1
3.7626 -0.7492 1
4.0461 0.7508 1
4.2976 1.3030 1
4.2708 1.6691 1
2.3996 0.8776 1
4.2928 2.6135 1
5.3200 0.3224 1
3.2746 2.5966 1
4.4401 0.4598 1
3.2544 0.3175 1
3.2435 -1.0156 1
3.9579 1.0232 1
3.0750 0.8472 1
2.4128 0.9726 1
4.6223 2.0067 1
2.1799 0.3150 1
2.8720 1.9089 1
4.1182 1.9077 1
4.1097 1.0123 1
4.8227 -0.3430 1
3.1264 1.8360 1
3.4271 0.4367 1
4.0008 1.3799 1
4.2667 2.0898 1
3.4198 1.1289 1
3.3657 1.1278 1
1.9073 -1.5764 1
4.2919 1.7066 1
3.3858 2.0224 1
4.9599 1.3323 1
1.3077 1.0558 1
4.2225 1.4355 1
3.7855 0.2075 1
4.1206 -0.3250 1
4.6101 0.4516 1
3.8044 1.1431 1
3.9389 2.4106 1
3.6830 0.8842 1
3.4503 0.1617 1
4.5335 0.8761 1
2.3710 0.3576 1
4.6651 0.8045 1
2.5544 1.3362 1
3.3513 0.7864 1
2.1300 0.6952 1
4.6560 1.6358 1
4.6292 0.0126 1
4.5452 2.6788 1
2.3387 1.1333 1
2.1175 1.0236 1
3.2146 1.7344 1
4.5357 0.9582 1
4.0255 0.0806 1
5.4939 2.8176 1
3.2667 0.8897 1
4.4282 0.6857 1
2.9202 -0.5516 1
2.9532 1.3752 1
3.8281 1.6520 1
3.6047 1.0949 1
2.9323 1.7604 1
3.7485 2.3619 1
3.3378 -0.6835 1
3.3724 -0.1443 1
5.6575 0.6666 1
5.1247 2.1498 1
4.9472 0.6482 1
3.9882 -0.0413 1
5.3599 -0.0421 1
3.5553 3.3172 1
3.0300 1.2274 1
4.6031 0.3189 1
1.5844 0.1756 1
2.6701 0.1817 1
3.4874 -0.0489 1
4.2253 0.2722 1
2.2263 0.0833 1
4.6181 1.5844 1
5.2790 1.3678 1
2.2797 0.9088 1
3.9855 1.4644 1
4.1764 1.4063 1
4.9023 0.2744 1
2.4538 0.0479 1
3.7112 -0.5678 1
4.4861 0.8690 1
3.3492 -0.2838 1
3.7396 -0.1710 1
4.5889 0.0284 1
3.9005 2.6305 1
